0.005 0.0487038 0.0490196 0.0490207 0.0490207 0.0490207 0.0490207
0.105 0.031819 -0.0424148 0.0763023 -0.0531173 0.0352914 0.0407329
0.205 0.0180276 -0.0190552 0.00816097 -0.0192423 0.0467738 -0.0188266
0.305 0.00107079 -0.012782 0.0225075 -0.000635243 0.0173896 0.00857965
0.405 0.000122801 -0.0269775 0.00112643 -0.0121499 0.00656812 -0.00395787
0.505 0.00250633 -0.0090329 0.00938104 0.00742389 0.0449899 0.062884
0.605 -0.00834072 -0.0341026 -0.00723164 -0.00852532 0.0153965 0.0347392
0.705 0.00777696 -0.00734453 -0.00657768 -0.0290172 -0.0451756 -0.110112
0.805 0.0179331 0.0113004 -0.00555579 -0.0559925 -0.106051 -0.231766
0.905 0.000967745 0.00137333 0.0198345 0.00556657 -0.00835676 -0.0467043
1.005 -0.00474611 0.0244142 0.0644135 0.0596862 0.0539052 0.0279709
1.105 0.0240166 0.067929 0.148096 0.176636 0.227588 0.26875
1.205 -0.107968 -0.256026 -0.323263 -0.309383 -0.251807 -0.192598
1.305 -0.109032 -0.136028 -0.05282 -0.0355068 -0.00915842 0.0168113
1.405 0.0740358 0.196242 0.360329 0.48112 0.58453 1.33363
1.505 -0.102218 -0.0592296 -0.0631331 -0.159527 -0.254997 -0.667591
1.605 0.331492 0.534018 0.69894 0.716489 0.684598 0.323513
1.705 0.207888 0.24598 0.0157434 -0.255119 -0.534014 -0.766574
1.805 0.099899 0.160079 -0.000658236 0.0902145 -0.159417 -0.491559
1.905 0.0913949 0.328884 0.390017 0.444508 0.29335 0.538756
2.005 0.196701 0.348482 0.406455 0.531153 0.545626 0.556602
2.105 -0.0436733 -0.0258254 0.0370799 -0.108862 -0.142384 -0.867038
2.205 0.165456 0.249705 0.0690553 -0.00448915 0.0267603 0.0467244
2.305 0.189612 0.296207 0.225274 0.342355 0.438893 0.692568
2.405 -0.182434 -0.17243 -0.0739545 -0.112073 -0.103897 0.0804578
2.505 0.0142656 0.0842669 0.930749 1.11855 1.23045 0.902511
2.605 0.0745757 -0.0492256 -0.759012 -0.817489 -0.945802 -1.33897
2.705 0.317404 0.691459 0.822242 0.497956 0.539785 0.409822
2.805 0.0025224 0.158402 0.190402 0.18991 -0.223875 -0.434957
2.905 0.0263075 0.00801692 -0.0111702 -0.253506 -0.237828 -0.195402
3.005 0.199341 0.482281 0.730711 0.840375 1.00634 1.37195
3.105 -0.153161 -0.603583 -0.794259 -0.922142 -1.14398 -1.33774
3.205 0.207689 0.547396 0.830131 0.859445 0.862046 0.938107
3.305 0.139523 0.246874 0.255166 0.0966846 -0.168312 -0.296715
3.405 0.067585 0.00576711 -0.327464 -0.800135 -0.795187 -1.08922
3.505 0.041168 0.246904 0.289276 0.366883 0.248363 0.225868
3.605 0.10703 0.125846 0.085228 0.217053 0.192954 -0.0560252
3.705 -0.171869 -0.726657 -1.01555 -1.3856 -1.79212 -1.84774
3.805 0.267785 0.866191 1.10977 1.12433 1.18224 1.29504
3.905 -0.061474 -0.242823 0.158113 -0.224052 0.408514 -0.18314
4.005 -0.711055 -1.15306 -0.914257 -0.891925 -0.643497 -0.590408
4.105 -0.682247 0.227999 -0.193084 0.310051 -0.808543 -2.49674
4.205 0.113839 -0.230897 0.145488 0.387311 1.22048 1.21703
4.305 -0.245785 -0.953107 -1.31138 -1.39765 -1.42152 -1.27353
4.405 0.298703 0.508607 0.196249 -0.249039 0.178673 0.0543473
4.505 -0.00465458 -0.12743 -0.0629671 0.0862411 0.127345 -0.0761977
4.605 1.13719 1.01624 0.64177 0.475813 0.646525 1.00421
4.705 0.214429 0.134679 0.439551 0.34893 1.74844 1.57198
4.805 -0.0599135 -0.124054 0.16033 0.1488 0.343024 0.402505
4.905 0.0670862 -1.04637 -1.09146 -0.999665 -0.900197 -0.801968
5.005 0.150234 0.387573 0.782513 0.262548 0.265776 0.00110807
5.105 -0.275222 -0.335597 -1.391 -0.78225 -0.777217 -1.06826
5.205 0.230437 1.07008 1.40578 1.74844 1.50417 1.57389
5.305 -0.584859 -0.996524 -1.09037 -0.798153 -0.832041 -0.910064
5.405 0.346721 -0.585394 -0.200669 -1.46838 -0.695987 -1.12066
5.505 0.331807 0.984565 2.49612 1.63697 1.56742 1.24325
5.605 0.533699 -0.0658667 1.35434 1.4297 1.12803 1.41118
5.705 -0.443388 -0.849294 -1.14986 -1.04389 -0.545222 -0.247559
5.805 -0.255307 0.707865 0.734814 -0.0216408 1.38896 -1.11229
5.905 -0.000637171 0.380693 -0.345445 -0.121086 0.14263 0.314577
6.005 -0.217305 -1.54708 -1.88833 -2.21224 -1.40574 -0.255385
6.105 -0.229221 -0.320889 -0.519047 -0.489586 0.271685 -0.851531
6.205 0.598372 -0.37048 1.2245 0.946339 0.610089 0.977243
6.305 -0.0370917 0.401847 0.737357 0.911953 2.14905 4.32361
6.405 -0.396661 -0.36321 -0.350717 -0.248401 0.0575591 0.260724
6.505 0.0599144 -1.35966 -1.86368 -1.96259 -1.67134 -1.03085
6.605 0.0372001 0.241662 1.06882 1.4048 1.22107 -2.92687
6.705 -0.146374 0.0742422 2.23087 2.46982 1.9096 1.59839
6.805 0.343543 -0.928858 -3.03678 -2.39626 -2.32358 -2.39174
6.905 -0.876145 -1.2362 -1.82558 -2.04985 -2.20522 -1.91412
7.005 0.203634 2.19734 0.931014 0.574826 0.427152 0.243737
7.105 -0.554334 0.140046 -0.194994 3.28574 1.98016 1.10034
7.205 -1.05715 0.224944 -0.747351 -0.467397 -0.788683 2.1621
7.305 0.152043 0.964055 1.05651 0.80416 0.659457 -0.329511
7.405 0.154203 0.509342 0.338357 0.0943885 0.846401 -0.740342
7.505 -0.0181704 0.0371297 -0.993864 -0.996022 -0.275973 0.973514
7.605 0.0613371 0.509064 0.161176 0.676751 1.16888 1.01041
7.705 0.537786 -1.71833 -1.66778 -1.41955 -1.22168 -1.26004
7.805 -0.220822 -0.452589 -0.671614 -1.07336 -0.115352 -1.2643
7.905 -0.146371 0.813957 1.72371 1.52126 0.955786 0.762586
8.005 0.251414 0.34474 0.0604946 0.370309 1.7364 3.11987
8.105 -1.37117 -2.80155 -1.34821 -1.46085 -1.15576 -0.568122
8.205 0.419808 -0.5926 0.220223 0.39063 -1.80649 -0.905026
8.305 0.70963 0.929185 0.151664 0.419883 0.33085 0.034242
8.405 0.0163512 -0.406306 0.142548 0.0635342 -0.623455 1.08251
8.505 -0.0130568 -0.594232 -0.34207 -0.278867 -0.548316 -0.247518
8.605 -0.121376 0.537753 -0.295534 -0.510362 -1.10709 -1.63129
8.705 -0.126538 -0.566422 -0.748681 -0.946662 -0.880941 -1.30148
8.805 -0.152294 0.540487 0.726481 0.685075 0.248103 -0.00615905
8.905 0.419537 0.839848 0.274937 2.20107 1.99865 1.08288
9.005 -0.617642 -0.067235 -0.51732 -0.462139 -0.258293 2.79215
9.105 0.092259 0.0396322 1.14376 -1.13594 -0.440997 -0.278738
9.205 -0.0417805 -0.0734108 0.644404 0.882803 0.3767 -0.740772
9.305 -0.111744 -0.000277324 0.254937 -0.230678 -0.132397 -0.319745
9.405 -0.0334889 0.122629 0.318343 0.42694 0.613894 1.44628
9.505 -0.148074 -0.701893 -0.179553 -0.166576 -0.205965 0.0532718
9.605 -0.199203 -0.218419 -0.492873 -1.42938 -1.64144 -1.46083
9.705 0.278158 0.584855 0.394332 0.879732 0.103039 0.189875
9.805 0.349845 -0.357679 0.038725 0.149246 0.434571 0.0245928
9.905 -0.0649338 -0.280992 -0.523868 -0.430226 -0.59624 0.405725
10.005 0.132232 0.0686676 -0.0131739 0.182315 0.450389 0.702297
10.105 -0.197777 -0.447418 -0.435883 -0.296686 -0.516414 -0.411147
10.205 0.173804 0.000401403 0.265425 -0.0788255 0.137595 -1.06356
10.305 0.0800108 0.129619 0.547252 0.18716 0.619616 0.721566
10.405 -0.26877 -0.132808 -0.338195 -0.39956 -0.376125 -0.0181281
10.505 -0.0157963 -0.159093 -0.127133 -0.142211 -0.270182 -0.69434
10.605 0.178057 -0.0215498 -0.0196304 0.16031 0.357077 0.460432
10.705 -0.0463034 -0.293087 -0.364956 -0.346028 -0.223964 -0.271931
10.805 0.0274937 0.120268 0.0184637 0.0390316 -0.0814508 0.0289176
10.905 0.0534157 0.103242 0.208652 0.161554 0.58926 0.941292
11.005 0.0951687 -0.0570391 -0.357972 -0.342978 -0.304419 -0.0805851
11.105 -0.113349 -0.134108 -0.0826311 -0.403927 -0.312753 -1.51723
11.205 0.0476404 0.16853 0.343688 0.359521 0.457391 0.381162
11.305 0.0405223 0.0974682 0.247277 0.0904832 0.0288484 -0.0808008
11.405 -0.0235429 -0.100022 -0.306227 -0.454962 -0.439777 -0.344234
11.505 0.00708125 0.0442256 0.228489 0.313703 0.366158 0.460654
11.605 -0.0192189 -0.0656877 -0.0995956 -0.125014 -0.144644 -0.0820863
11.705 -0.00665741 -0.054769 -0.174726 -0.191692 -0.248109 -0.325862
11.805 0.0781421 0.19524 0.261575 0.288959 0.211896 -0.0173397
11.905 0.0260593 0.0607948 0.0371821 -0.0195579 -0.111127 -0.263835
12.005 0.0465125 -0.054861 -0.226645 -0.23923 -0.290278 -0.688471
12.105 0.13429 0.367081 0.467532 0.572187 0.525729 0.439617
12.205 0.0240599 0.105424 0.0483472 0.0155629 -0.0334089 -0.0262029
12.305 0.00540553 -0.0499637 -0.0135096 -0.241585 -0.245048 -0.386243
12.405 0.186145 0.356521 0.239721 0.37375 0.28291 0.317589
12.505 -0.0346624 -0.0152632 -0.119428 -0.269049 -0.328465 -0.5123
12.605 0.0917737 0.274216 0.341564 0.352913 0.339174 0.343425
12.705 -0.111885 -0.119716 -0.178897 -0.249339 -0.241708 -0.377816
12.805 0.0315956 0.127565 0.0875564 0.0500159 0.105363 0.167878
12.905 -0.119538 -0.0303914 -0.117327 -0.128249 -0.0962754 -0.102251
13.005 -0.0798098 -0.0839295 -0.0690786 -0.0121941 0.0417685 0.071081
13.105 0.0249477 0.0809732 0.234213 0.314317 0.319257 0.276196
13.205 -0.0907063 -0.315504 -0.696064 -0.728832 -0.867909 -0.940449
13.305 0.275834 0.33104 0.558947 0.66733 0.703709 0.692162
13.405 -0.132889 -0.160887 -0.335751 -0.43638 -0.472744 -0.509773
13.505 -0.0649537 -0.109028 -0.137296 -0.139788 -0.10665 0.0091337
13.605 0.0379537 0.0702718 0.140415 0.109281 0.269021 0.339627
13.705 0.0149478 -0.0347461 -0.0871555 -0.113162 -0.182971 -0.320289
13.805 0.090063 0.154946 0.125837 0.0547013 -0.00254504 -0.0776415
13.905 0.0489227 0.0537167 -0.0148391 -0.0934248 -0.157161 -0.301381
14.005 0.0187576 -0.0159434 -0.0717173 -0.103728 -0.122416 -0.0308452
14.105 0.18252 0.31954 0.424274 0.501405 0.515771 0.476616
14.205 -0.222623 -0.448726 -0.715436 -0.790312 -0.874211 -0.895533
14.305 -0.0654817 0.178004 0.222393 0.291868 0.355435 0.351993
14.405 0.114497 0.126094 0.232804 0.275309 0.337551 0.294115
14.505 -0.18789 -0.275959 -0.657456 -0.788199 -0.789842 -0.905101
14.605 0.0383404 0.293463 0.349171 0.307058 0.455378 0.522422
14.705 0.00478066 -0.0276722 -0.0284927 0.0027517 -0.0116208 -0.185326
14.805 -0.0916307 -0.164967 -0.233048 -0.324852 -0.361982 -0.568755
14.905 0.11648 0.311738 0.382421 0.462564 0.501285 0.568324
15.005 -0.0654347 -0.172659 -0.182848 -0.199896 -0.189048 -0.171126
15.105 -0.0560873 -0.149526 -0.197733 -0.295717 -0.211374 -0.314873
15.205 0.0662635 0.294175 0.493098 0.434301 0.441152 0.498075
15.305 -0.157275 -0.23501 -0.463838 -0.450241 -0.49592 -0.527735
15.405 0.0811558 0.191518 0.153599 0.21987 0.227092 0.24047
15.505 0.0109275 0.0152825 0.0548897 0.0156186 -0.0480925 -0.148184
15.605 -0.0192287 -0.0503384 -0.0561954 -0.139744 -0.204668 -0.452152
15.705 0.103046 0.126905 0.334427 0.291349 0.329729 0.18797
15.805 -0.070825 -0.173784 -0.237296 -0.383477 -0.35727 -0.343705
15.905 0.100121 0.361109 0.655136 0.704976 0.782767 0.78018
16.005 -0.0843372 -0.329951 -0.524764 -0.526688 -0.578788 -0.635748
16.105 0.0292134 0.10345 0.105076 0.0827188 0.133595 0.149957
16.205 0.0597128 0.193339 0.292296 0.383616 0.425915 0.527161
16.305 -0.0921164 -0.300909 -0.410815 -0.508073 -0.577218 -0.580629
16.405 0.0751779 0.183553 0.360641 0.446007 0.492549 0.667772
16.505 -0.0886024 -0.161398 -0.226614 -0.252418 -0.26518 -0.274389
16.605 0.0488454 0.0883411 0.184585 0.213869 0.234901 0.276693
16.705 -0.0343126 -0.0472077 -0.107758 -0.107909 -0.066613 -0.0680198
16.805 -0.0366907 -0.0991674 -0.152302 -0.167149 -0.144772 -0.0822667
16.905 0.0163528 0.0373625 0.0525739 0.0318397 0.0627155 0.0667971
17.005 0.087042 0.150476 0.196142 0.169388 0.194236 0.0552897
17.105 -0.0873329 -0.138638 -0.21925 -0.351269 -0.401296 -0.499972
17.205 0.0540908 0.0401573 0.0532866 0.0863209 0.109373 0.109464
17.305 0.029751 0.125756 0.19066 0.180491 0.258561 0.212572
17.405 -0.0285704 -0.0570746 -0.10366 -0.0439232 -0.0481513 -0.0768297
17.505 -0.0620538 -0.105866 -0.166834 -0.195725 -0.200604 -0.174304
17.605 0.0873044 0.17618 0.271947 0.32499 0.358832 0.374038
17.705 -0.105301 -0.166799 -0.265418 -0.351071 -0.415184 -0.508919
17.805 0.110826 0.133729 0.19238 0.220127 0.213866 0.208815
17.905 0.0351319 0.0733282 0.0674271 0.0755232 0.0870859 0.107692
18.005 -0.0690157 -0.193812 -0.293139 -0.343805 -0.471995 -0.745688
18.105 0.105884 0.214001 0.373169 0.365619 0.412667 0.439202
18.205 -0.0400746 -0.0806116 -0.121302 -0.187588 -0.202428 -0.245174
18.305 0.0350391 0.0564855 0.0950333 0.0947483 0.144861 0.179126
18.405 -0.0519331 -0.10835 -0.15039 -0.148947 -0.134766 -0.0940355
18.505 0.00897726 0.0585005 0.108727 0.119032 0.11756 0.112011
18.605 -0.0106988 0.00325113 0.018624 -0.000331246 -0.0208599 -0.0821166
18.705 -0.027313 -0.0549412 -0.0690206 -0.0870903 -0.110083 -0.110535
18.805 0.0324883 0.0811745 0.116765 0.129596 0.137188 0.132853
18.905 -0.0339658 -0.0441212 -0.0133655 -0.00632615 0.0019025 0.000630006
19.005 -0.0329904 -0.0177292 0.0482939 0.0885384 0.117891 0.105616
19.105 -0.0410225 -0.0676864 -0.0531893 -0.0451536 -0.0454 -0.0644636
19.205 0.0516594 0.108407 0.114338 0.0784702 0.0141348 -0.129956
19.305 0.0087971 0.045688 0.0917383 0.111072 0.124124 0.128087
19.405 -0.046262 -0.128488 -0.132054 -0.0965538 -0.0637719 -0.0225077
19.505 -0.0332418 -0.0436122 -0.0331189 0.0028786 0.0513607 0.0927402
19.605 0.0529337 0.127408 0.211589 0.253896 0.314721 0.353652
19.705 -0.0840475 -0.224656 -0.342229 -0.395577 -0.479582 -0.618019
19.805 0.188426 0.245923 0.443404 0.491888 0.481254 0.48736
19.905 -0.0821808 -0.287461 -0.36711 -0.403666 -0.462484 -0.567917
20.005 0.0494558 0.0412937 0.154097 0.185594 0.270825 0.288055
20.105 0.0140775 0.0779118 0.125531 0.102311 0.114082 0.241818
20.205 -0.0572759 -0.132668 -0.186327 -0.223847 -0.257981 -0.338664
20.305 0.0670137 0.173389 0.290511 0.321217 0.313451 0.349904
20.405 -0.133777 -0.166623 -0.22598 -0.292609 -0.333717 -0.346844
20.505 0.0581641 0.0847962 0.128478 0.150928 0.191257 0.170322
20.605 -0.0502668 -0.0284817 -0.0604269 -0.0582874 -0.0672158 -0.181569
20.705 0.0289727 0.0492161 0.0607319 0.0553387 0.05424 0.0649969
20.805 -0.00996295 -0.0252315 0.0449152 0.0768253 0.0707375 0.102957
20.905 -0.102656 -0.181784 -0.294653 -0.292972 -0.303464 -0.344073
21.005 0.165546 0.173946 0.250044 0.266806 0.266336 0.182745
21.105 -0.0345884 -0.0335277 -0.141986 -0.197513 -0.258691 -0.275857
21.205 0.0346113 0.0733119 0.113001 0.130624 0.144425 0.228875
21.305 -0.0469103 -0.0943558 -0.107538 -0.0909856 -0.0457945 0.0627369
21.405 -0.00997817 -0.0282781 -0.0321301 -0.0260075 -0.0130718 0.0329925
21.505 0.0615916 0.0896881 0.0883497 0.0822315 0.0736061 0.0585211
21.605 -0.0292367 -0.0640359 -0.106261 -0.117091 -0.115297 -0.0981015
21.705 0.0294746 0.0681538 0.102944 0.118824 0.137241 0.171065
21.805 0.000213592 0.00310145 0.00471181 0.010971 0.025792 0.0654382
21.905 -0.047928 -0.111278 -0.145687 -0.148289 -0.138969 -0.0948813
22.005 0.0518899 0.142207 0.214483 0.246874 0.277566 0.324135
22.105 -0.0209446 -0.127793 -0.177054 -0.196505 -0.19873 -0.197081
22.205 0.0541417 0.105998 0.128484 0.150444 0.176454 0.198812
22.305 -0.0425323 -0.0810772 -0.116906 -0.145403 -0.163686 -0.158076
22.405 0.023637 0.0635332 0.0902777 0.0704461 0.0647033 0.0749014
22.505 0.0133981 0.00938882 -0.0105691 -0.0254454 -0.0475057 -0.0924923
22.605 -0.00370786 -0.0132094 -0.0246925 -0.0048488 0.0216099 0.0313029
22.705 -0.00907348 -0.0364927 -0.0533579 -0.0621764 -0.0632393 -0.0478901
22.805 0.0524058 0.131854 0.149283 0.180068 0.205824 0.230627
22.905 -0.0509819 -0.126947 -0.16807 -0.177203 -0.177544 -0.188122
23.005 0.0733231 0.118523 0.135848 0.128927 0.151861 0.191096
23.105 -0.0676998 -0.0855242 -0.145719 -0.169413 -0.190835 -0.201333
23.205 0.0524881 0.131182 0.19928 0.243933 0.287801 0.345051
23.305 -0.053469 -0.17572 -0.240574 -0.246194 -0.230047 -0.26649
23.405 0.0388869 0.143449 0.226137 0.210054 0.242175 0.27373
23.505 -0.0398702 -0.101907 -0.134248 -0.159647 -0.179965 -0.201653
23.605 0.0410082 0.0394501 0.055225 0.0891433 0.0823199 0.115884
23.705 0.00639218 0.0519633 0.0637532 0.0618722 0.128923 0.0395334
23.805 -0.0663006 -0.192039 -0.205585 -0.254163 -0.333218 -0.293987
23.905 0.115825 0.203966 0.392921 0.429584 0.427321 0.603688
24.005 -0.117664 -0.293031 -0.367915 -0.469757 -0.516954 -0.542696
24.105 0.135196 0.183454 0.335915 0.398493 0.450898 0.597874
24.205 -0.113285 -0.22878 -0.267001 -0.361436 -0.408819 -0.449295
24.305 0.102736 0.152039 0.265021 0.302265 0.332082 0.361993
24.405 -0.0311894 -0.102759 -0.188996 -0.187273 -0.210344 -0.270526
24.505 0.00758833 0.0578435 0.0323394 0.0502092 0.0429041 0.108213
24.605 0.0135547 0.0397215 0.051658 0.0443979 0.00252444 0.0328331
24.705 -0.00233388 -0.0236898 -0.0258127 0.00423835 0.0539563 0.108233
24.805 0.0117726 -0.0383142 -0.0820316 -0.0933083 -0.099372 -0.136895
24.905 0.0755711 0.126748 0.156638 0.172453 0.191362 0.202735
25.005 -0.0338252 -0.109783 -0.169822 -0.197791 -0.207491 -0.181668
25.105 0.0518723 0.0945797 0.143643 0.185005 0.237779 0.336678
25.205 -0.0468354 -0.12751 -0.215682 -0.274171 -0.305482 -0.301126
25.305 0.109607 0.212563 0.280323 0.304741 0.35272 0.442779
25.405 -0.0480452 -0.17875 -0.296778 -0.324066 -0.376617 -0.450032
25.505 0.0795196 0.131084 0.182562 0.190388 0.204038 0.209212
25.605 0.0131016 0.0215425 -0.00182111 0.0210751 0.0262365 -0.0464883
25.705 -0.0786823 -0.118023 -0.158529 -0.179247 -0.234416 -0.221654
25.805 0.0552043 0.172042 0.311211 0.322545 0.349294 0.552542
25.905 -0.105647 -0.196044 -0.328516 -0.390406 -0.448917 -0.4959
26.005 0.13806 0.205935 0.30937 0.299719 0.357697 0.385456
26.105 -0.0308541 -0.0820366 -0.166 -0.176172 -0.138235 -0.189577
26.205 -0.0194833 -0.0565886 -0.0880435 -0.0735142 -0.0485816 -0.0190352
26.305 0.0493528 0.113199 0.177583 0.204262 0.307489 0.314691
26.405 -0.084227 -0.193438 -0.262121 -0.351445 -0.42302 -0.393376
26.505 0.0719957 0.18778 0.299851 0.355969 0.368514 0.433133
26.605 -0.0647398 -0.16582 -0.258622 -0.271132 -0.304804 -0.479327
26.705 0.0860736 0.17234 0.243597 0.319156 0.383687 0.442694
26.805 -0.118207 -0.21366 -0.249278 -0.338339 -0.396873 -0.430678
26.905 0.123474 0.215458 0.321044 0.377047 0.436093 0.474912
27.005 -0.0969976 -0.252326 -0.35835 -0.3954 -0.465982 -0.573869
27.105 0.0866837 0.218483 0.323394 0.356472 0.414522 0.475817
27.205 -0.119325 -0.112099 -0.19573 -0.246421 -0.21937 -0.295673
27.305 0.02225 0.0227636 0.0519556 0.0370607 0.0338554 0.0672683
27.405 0.08724 0.118695 0.113595 0.120705 0.155026 0.0793458
27.505 -0.0456501 -0.14277 -0.169105 -0.240538 -0.291578 -0.288037
27.605 0.0258445 0.108802 0.164805 0.143038 0.145091 0.322029
27.705 -0.0384868 -0.04432 -0.125024 -0.146527 -0.152354 -0.204956
27.805 0.0606235 0.0863042 0.144607 0.171894 0.174148 0.146005
27.905 -0.0577051 -0.121113 -0.172911 -0.172131 -0.163575 -0.161583
28.005 0.0525883 0.0772874 0.129775 0.151768 0.169172 0.224706
28.105 -0.0236711 -0.0287863 -0.0846538 -0.118712 -0.149416 -0.196001
28.205 0.0261206 0.0526069 0.0805142 0.0857044 0.0887176 0.105243
28.305 -0.0227195 -0.0260874 -0.0334594 -0.022305 -0.0093807 -0.0159152
28.405 -0.0183154 -0.0346719 -0.0243959 -0.0122334 -0.00286661 0.0120237
28.505 0.0272152 0.0497075 0.0587117 0.0535561 0.0407595 0.00519032
28.605 -0.00582573 -0.00780499 -0.0114449 -0.0203257 -0.0272943 -0.0447232
28.705 -0.0078878 -0.0117025 -0.0129877 -0.00886571 -0.0030115 0.0184334
28.805 -0.000217317 0.00381182 0.00397954 0.0112242 0.0129881 0.00219439
28.905 -0.00176124 0.00455914 0.0257796 0.0361606 0.047828 0.0690851
29.005 -0.0205515 -0.0208178 -0.0159542 -0.0151665 -0.0218018 -0.0356775
29.105 0.0170897 0.0380135 0.0590249 0.0710267 0.0782507 0.0533816
29.205 -0.0113712 -0.0369167 -0.0567721 -0.0711202 -0.0835508 -0.106971
29.305 0.0050035 0.0132675 0.00412157 -0.00415417 -0.00775842 0.0223256
29.405 0.00698896 0.021318 0.00893811 0.00734411 0.00754382 0.00980588
29.505 -0.0129487 -0.0286953 -0.0347219 -0.0454617 -0.0601625 -0.0630347
29.605 0.00959729 0.0151195 0.0112342 0.0125094 0.0215864 0.0408179
29.705 0.0178103 0.0198442 -0.000170705 -0.00949854 -0.0216107 -0.0567581
29.805 -0.000341169 -0.0106606 -0.0209699 -0.0267038 -0.0327298 -0.0577823
29.905 -0.0037379 0.00101502 0.0245843 0.0514232 0.0807142 0.121426
30.005 -0.0198304 -0.0281346 -0.0201616 -0.0106965 -0.000554844 0.0262473
30.105 0.010579 0.0239765 0.00806475 -0.0154825 -0.0382427 -0.0779392
30.205 0.0227831 0.0491928 0.0732234 0.0856477 0.0960318 0.0944597
30.305 -0.040692 -0.0903554 -0.101752 -0.100175 -0.0907673 -0.0781745
30.405 0.0344506 0.0680347 0.088915 0.102018 0.120452 0.141377
30.505 -0.0148694 -0.0336944 -0.068301 -0.0896388 -0.108667 -0.106719
30.605 0.0161016 0.0384453 0.0573567 0.0700643 0.0879521 0.11347
30.705 -0.0204426 -0.0452153 -0.0612515 -0.0654391 -0.0670515 -0.0481933
30.805 0.022893 0.0416618 0.0490352 0.0581078 0.0676005 0.0798507
30.905 -0.00773898 -0.0254086 -0.0495812 -0.0508294 -0.0552426 -0.0610089
31.005 0.0133511 0.0207899 0.0347154 0.042212 0.0515088 0.0663481
31.105 -0.0109314 -0.0217996 -0.0353998 -0.0413667 -0.0450785 -0.050296
31.205 0.0118286 0.0234942 0.0327547 0.0350237 0.0357308 0.0390923
31.305 -0.00999889 -0.0179658 -0.0249029 -0.0281212 -0.0309412 -0.0345263
31.405 0.0038715 0.0100266 0.0186522 0.0229692 0.0267109 0.0309148
31.505 -0.00394066 -0.00806074 -0.0125578 -0.0154232 -0.0189333 -0.0254159
31.605 0.003574 0.00738336 0.0107409 0.0118014 0.0121064 0.0109118
31.705 -0.00315982 -0.00539351 -0.00578272 -0.00540376 -0.00488951 -0.00415983
31.805 -0.000309154 -0.000381877 -0.000193236 -3.87601e-05 0.000133353 0.000379679
31.905 -0.00209512 -3.79514e-05 0.000676858 0.000459512 -8.31413e-06 -0.000874181
32.005 -0.00200445 -0.00216982 0.00629208 0.0103061 0.00917773 0.00894697
32.105 -0.000442371 -0.000993409 -0.00110989 -0.0011621 -0.0019652 -0.00528389
32.205 0.00158447 0.00177988 -0.00074026 -0.00243259 -0.00325461 -0.00492491
32.305 0.00188976 0.00250586 0.00305755 0.0038574 0.00549108 0.0113695
32.405 -0.00240067 -0.00571216 -0.00983578 -0.0107843 -0.0102332 -0.00700329
