0.005 78.48 58.86 39.24 29.43 19.62 4.04696e-33
0.105 78.4859 58.8663 39.2467 29.4396 19.6283 4.04696e-33
0.205 78.4941 58.8725 39.2506 29.4391 19.6268 4.04696e-33
0.305 78.4999 58.8781 39.255 29.4426 19.6292 4.04696e-33
0.405 78.5013 58.8795 39.256 29.4432 19.6298 4.04696e-33
0.505 78.5093 58.8881 39.2657 29.4531 19.6395 4.04696e-33
0.605 78.5129 58.8906 39.2649 29.4515 19.6361 4.04696e-33
0.705 78.5255 58.9 39.2692 29.4545 19.6382 4.04696e-33
0.805 78.5597 58.9552 39.3603 29.5557 19.7322 4.04696e-33
0.905 78.5733 58.9667 39.3618 29.545 19.7128 4.04696e-33
1.005 78.6055 58.9853 39.3529 29.5268 19.6925 4.04696e-33
1.105 78.8486 59.2316 39.5511 29.6817 19.8084 4.04696e-33
1.205 79.752 60.1406 40.2707 30.2429 20.1728 4.04696e-33
1.305 80.5218 60.8581 40.9721 30.8892 20.7001 4.04696e-33
1.405 82.6264 62.5971 42.2472 31.9382 21.4992 4.04696e-33
1.505 85.0541 65.0137 44.3292 33.6175 22.651 4.04696e-33
1.605 86.8829 66.5077 45.1988 34.1391 22.8432 4.04696e-33
1.705 86.9469 66.7333 45.8632 34.9693 23.6786 4.04696e-33
1.805 87.2294 66.5676 45.2451 34.2868 23.0883 4.04696e-33
1.905 86.948 66.2614 44.8864 33.928 22.7647 4.04696e-33
2.005 86.2121 65.6895 44.5902 33.7934 22.7666 4.04696e-33
2.105 85.8818 65.5641 44.7287 33.9863 22.9432 4.04696e-33
2.205 85.6222 65.2788 44.3278 33.596 22.6406 4.04696e-33
2.305 85.0972 64.7956 43.9051 33.2169 22.355 4.04696e-33
2.405 85.0338 64.7855 43.9938 33.3234 22.4449 4.04696e-33
2.505 85.4146 65.1123 44.2768 33.47 22.4233 4.04696e-33
2.605 85.9645 65.8204 44.8658 34.0156 22.9072 4.04696e-33
2.705 86.8368 66.3885 45.0574 34.0621 22.8544 4.04696e-33
2.805 87.5506 66.9675 45.7554 34.813 23.5103 4.04696e-33
2.905 89.2666 68.4682 46.3775 34.9962 23.4513 4.04696e-33
3.005 90.8088 69.7903 47.4291 35.8082 23.9767 4.04696e-33
3.105 92.011 70.784 48.2283 36.512 24.5024 4.04696e-33
3.205 92.7981 71.6008 49.067 37.2534 25.0634 4.04696e-33
3.305 92.1417 71.1244 48.9356 37.2656 25.1517 4.04696e-33
3.405 92.3383 71.0319 48.631 36.9616 24.9368 4.04696e-33
3.505 93.1751 71.579 48.8685 37.0825 24.9666 4.04696e-33
3.605 92.746 71.2447 48.6258 36.91 24.878 4.04696e-33
3.705 92.7467 71.1267 48.4168 36.6789 24.6906 4.04696e-33
3.805 97.721 76.0508 51.6953 38.8967 25.9248 4.04696e-33
3.905 99.4296 77.4279 53.1428 40.1992 27.0228 4.04696e-33
4.005 104.379 80.6952 54.8292 41.4012 27.7352 4.04696e-33
4.105 103.407 80.2061 54.9975 41.5074 27.7966 4.04696e-33
4.205 102.968 80.5835 55.853 42.5592 28.7667 4.04696e-33
4.305 101.759 79.5659 55.1135 42.0088 28.3891 4.04696e-33
4.405 104.433 81.4164 56.109 42.7179 28.9201 4.04696e-33
4.505 104.133 80.5759 55.3615 42.0289 28.3013 4.04696e-33
4.605 103.095 79.4735 53.9392 40.5551 26.942 4.04696e-33
4.705 101.202 77.612 52.5324 39.4893 26.483 4.04696e-33
4.805 108.28 83.9899 57.0651 43.0487 28.7204 4.04696e-33
4.905 108.494 84.8758 58.2229 44.0799 29.583 4.04696e-33
5.005 106.704 82.621 56.954 43.3016 29.1611 4.04696e-33
5.105 105.017 81.7913 56.2374 42.4997 28.4944 4.04696e-33
5.205 105.4 82.9636 57.8497 44.1065 29.7612 4.04696e-33
5.305 104.129 81.8643 57.2175 43.8033 29.6555 4.04696e-33
5.405 107.623 84.3479 58.1706 44.3916 29.6966 4.04696e-33
5.505 107.911 84.8144 59.2203 45.3534 30.7169 4.04696e-33
5.605 108.228 84.7278 59.172 45.227 30.35 4.04696e-33
5.705 109.083 86.5803 61.1076 46.9771 31.906 4.04696e-33
5.805 110.231 88.1104 61.052 46.3041 30.1805 4.04696e-33
5.905 109.434 86.8001 61.2451 47.2774 32.2202 4.04696e-33
6.005 108.791 86.7375 61.5709 47.2844 32.106 4.04696e-33
6.105 109.252 86.8048 61.5617 47.7669 33.1325 4.04696e-33
6.205 108.018 85.4202 60.3253 46.7303 31.7596 4.04696e-33
6.305 109.837 86.0855 59.0801 43.7991 28.576 4.04696e-33
6.405 111.327 88.1544 61.8715 47.3051 31.8911 4.04696e-33
6.505 109.271 85.535 58.4127 44.9923 31.0833 4.04696e-33
6.605 110.379 86.5113 59.207 43.5123 27.7205 4.04696e-33
6.705 108.615 86.3761 60.5161 45.6489 30.5007 4.04696e-33
6.805 109.186 85.5566 58.6373 44.387 29.7564 4.04696e-33
6.905 114.205 91.0361 64.1265 48.9454 32.8242 4.04696e-33
7.005 113.046 89.3042 63.1713 48.2176 32.5481 4.04696e-33
7.105 111.983 86.1781 57.335 44.2851 31.6942 4.04696e-33
7.205 113.788 89.415 60.5685 44.8643 28.7491 4.04696e-33
7.305 112.122 88.6771 62.2261 47.815 32.4912 4.04696e-33
7.405 110.539 87.2966 61.2522 47.3043 32.7518 4.04696e-33
7.505 108.598 86.0765 60.9146 46.7005 31.606 4.04696e-33
7.605 110.472 86.6236 60.6887 46.4612 31.5916 4.04696e-33
7.705 113.206 90.4497 63.7304 48.919 33.2613 4.04696e-33
7.805 112.689 90.2014 63.1217 48.5131 32.6555 4.04696e-33
7.905 112.686 90.4513 64.8456 50.1539 34.183 4.04696e-33
8.005 113.713 91.3624 65.8222 51.0209 34.7864 4.04696e-33
8.105 112.935 90.2105 64.2817 49.8923 34.354 4.04696e-33
8.205 113.88 91.3979 63.9617 48.4803 32.9544 4.04696e-33
8.305 114.74 91.1584 65.0557 49.2816 32.2579 4.04696e-33
8.405 113.944 91.4587 65.5066 50.7712 34.1983 4.04696e-33
8.505 112.509 89.8104 63.7237 48.6929 32.5709 4.04696e-33
8.605 113.936 90.9082 63.8246 47.881 31.7633 4.04696e-33
8.705 115.296 92.1615 65.4359 50.3098 34.0786 4.04696e-33
8.805 113.548 90.4569 63.9047 49.11 33.3984 4.04696e-33
8.905 112.345 88.0542 60.1047 46.015 31.9114 4.04696e-33
9.005 117.38 94.4889 64.1958 47.1739 30.1662 4.04696e-33
9.105 116.18 93.1092 65.7719 50.4442 34.1271 4.04696e-33
9.205 114.573 91.8309 65.492 50.032 33.7728 4.04696e-33
9.305 112.719 89.7633 63.713 49.4202 34.046 4.04696e-33
9.405 111.474 88.56 62.887 48.6927 33.5187 4.04696e-33
9.505 111.962 88.9528 62.5201 48.2226 33.0395 4.04696e-33
9.605 110.826 87.6855 61.3083 47.1225 32.1767 4.04696e-33
9.705 112.611 90.3656 64.9232 50.4213 34.5789 4.04696e-33
9.805 110.771 88.2896 63.0377 48.9687 33.7311 4.04696e-33
9.905 108.978 86.564 61.4799 47.5186 32.5067 4.04696e-33
10.005 107.067 84.7025 59.8426 46.1672 31.6262 4.04696e-33
10.105 107.3 85.6174 61.5984 48.2098 33.3857 4.04696e-33
10.205 106.579 85.0362 60.8727 47.6603 32.995 4.04696e-33
10.305 105.723 83.9887 59.8617 46.5534 32.216 4.04696e-33
10.405 105.575 84.0343 60.6628 47.7117 33.3229 4.04696e-33
10.505 104.741 83.0365 59.2036 46.1254 32.0321 4.04696e-33
10.605 103.417 81.7407 58.4502 45.8383 32.1284 4.04696e-33
10.705 102.054 80.489 56.9215 44.1133 30.4026 4.04696e-33
10.805 101.837 80.3078 56.8723 44.1406 30.3685 4.04696e-33
10.905 101.582 80.0333 56.513 43.7288 30.1107 4.04696e-33
11.005 102.196 80.9383 57.676 44.7963 30.9042 4.04696e-33
11.105 101.585 80.0401 56.474 43.6105 29.8679 4.04696e-33
11.205 102.115 80.7614 57.4518 44.6723 30.8627 4.04696e-33
11.305 100.832 79.2661 55.8671 43.2593 29.8113 4.04696e-33
11.405 100.215 78.7518 55.5256 42.9465 29.5098 4.04696e-33
11.505 98.9182 77.5135 54.3842 41.9216 28.7006 4.04696e-33
11.605 97.7834 76.2828 53.1392 40.7616 27.7586 4.04696e-33
11.705 96.9119 75.3458 52.1036 39.764 26.9435 4.04696e-33
11.805 95.8429 74.331 51.2677 39.1126 26.5375 4.04696e-33
11.905 94.6659 73.257 50.4595 38.4982 26.101 4.04696e-33
12.005 93.9322 72.5307 49.7411 37.8063 25.4989 4.04696e-33
12.105 94.2887 73.0816 50.2957 38.2787 25.8461 4.04696e-33
12.205 93.6801 72.586 50.0828 38.1943 25.8508 4.04696e-33
12.305 93.4496 72.3686 50.0121 38.2397 26.0399 4.04696e-33
12.405 93.6465 72.5225 50.1186 38.2746 25.95 4.04696e-33
12.505 93.0549 72.1014 49.9121 38.1777 25.9084 4.04696e-33
12.605 92.1974 71.1684 48.9142 37.2458 25.1716 4.04696e-33
12.705 91.6868 70.7596 48.6789 37.0594 25.0415 4.04696e-33
12.805 91.1525 70.1999 48.1118 36.6003 24.731 4.04696e-33
12.905 90.3136 69.4926 47.5707 36.1439 24.3857 4.04696e-33
13.005 89.6747 68.8592 47.1535 35.8418 24.1931 4.04696e-33
13.105 89.5452 68.7877 47.0112 35.6885 24.0627 4.04696e-33
13.205 90.1143 69.4588 47.733 36.3259 24.541 4.04696e-33
13.305 90.9333 70.3631 48.5961 37.0535 25.0471 4.04696e-33
13.405 91.2013 70.6878 48.9654 37.4184 25.3441 4.04696e-33
13.505 90.899 70.2289 48.4851 37.0246 25.1026 4.04696e-33
13.605 90.8836 70.1639 48.3641 36.9076 25.0172 4.04696e-33
13.705 89.9221 69.1453 47.3536 36.0187 24.3324 4.04696e-33
13.805 88.9115 68.1113 46.3976 35.1616 23.6616 4.04696e-33
13.905 88.0953 67.3931 45.9307 34.8351 23.4688 4.04696e-33
14.005 87.5941 66.9157 45.4075 34.3489 23.0914 4.04696e-33
14.105 87.8446 67.2014 45.7063 34.6055 23.269 4.04696e-33
14.205 88.9006 68.4661 47.0188 35.7755 24.1328 4.04696e-33
14.305 89.2612 69.0837 47.8996 36.6501 24.8566 4.04696e-33
14.405 89.5894 69.1714 47.734 36.451 24.7339 4.04696e-33
14.505 90.5639 70.0391 48.3917 36.9753 25.0695 4.04696e-33
14.605 91.2454 70.8032 49.1117 37.6177 25.5589 4.04696e-33
14.705 90.9217 70.2378 48.4071 36.9004 24.9882 4.04696e-33
14.805 90.4749 69.6505 47.7208 36.2623 24.4614 4.04696e-33
14.905 90.6499 69.9006 48.0693 36.598 24.7321 4.04696e-33
15.005 90.6515 69.9584 48.1704 36.6847 24.796 4.04696e-33
15.105 90.4693 69.8098 48.09 36.6821 24.8322 4.04696e-33
15.205 90.9571 70.3323 48.5312 37.0277 25.0806 4.04696e-33
15.305 90.502 69.8531 48.0596 36.613 24.7535 4.04696e-33
15.405 89.9046 69.1958 47.479 36.119 24.3798 4.04696e-33
15.505 89.3994 68.7633 47.1669 35.897 24.2635 4.04696e-33
15.605 89.1448 68.5342 46.925 35.6398 24.0325 4.04696e-33
15.705 88.8699 68.2924 46.8341 35.6163 24.0525 4.04696e-33
15.805 88.4931 67.9748 46.6382 35.5365 24.0845 4.04696e-33
15.905 88.7308 68.2986 46.9388 35.7658 24.1775 4.04696e-33
16.005 89.3897 69.0032 47.5635 36.2701 24.5501 4.04696e-33
16.105 89.3196 68.8422 47.3514 36.072 24.3956 4.04696e-33
16.205 89.3776 68.8008 47.2237 35.9446 24.2991 4.04696e-33
16.305 89.4361 68.9149 47.3703 36.073 24.3879 4.04696e-33
16.405 89.1414 68.6169 47.1502 35.9064 24.2759 4.04696e-33
16.505 88.5304 67.9777 46.5096 35.3374 23.8393 4.04696e-33
16.605 87.7534 67.1724 45.7327 34.6431 23.3109 4.04696e-33
16.705 86.9088 66.3492 45.0253 34.0456 22.8644 4.04696e-33
16.805 86.4131 65.884 44.6693 33.7395 22.6137 4.04696e-33
16.905 85.8331 65.4071 44.342 33.5443 22.5373 4.04696e-33
17.005 85.4255 65.0514 44.0652 33.3152 22.3918 4.04696e-33
17.105 85.418 65.1451 44.2828 33.5471 22.548 4.04696e-33
17.205 85.3741 65.104 44.2574 33.5173 22.5315 4.04696e-33
17.305 85.3896 65.0861 44.1583 33.4122 22.4594 4.04696e-33
17.405 85.6052 65.2841 44.2645 33.4687 22.4817 4.04696e-33
17.505 85.0464 64.6958 43.762 33.0515 22.1736 4.04696e-33
17.605 84.6627 64.3833 43.5349 32.8655 22.0332 4.04696e-33
17.705 84.2716 64.0512 43.3136 32.7192 21.9597 4.04696e-33
17.805 84.0565 63.8604 43.1751 32.5938 21.8543 4.04696e-33
17.905 83.894 63.7226 43.0924 32.5445 21.831 4.04696e-33
18.005 84.3785 64.2637 43.6044 32.9978 22.1821 4.04696e-33
18.105 84.9388 64.8624 44.1219 33.4165 22.4883 4.04696e-33
18.205 84.6315 64.4451 43.6979 33.0392 22.182 4.04696e-33
18.305 84.1326 63.8792 43.1179 32.526 21.8069 4.04696e-33
18.405 83.5579 63.3289 42.6526 32.1416 21.5195 4.04696e-33
18.505 83.1105 62.9469 42.3412 31.875 21.3156 4.04696e-33
18.605 82.6414 62.4972 41.9862 31.597 21.1365 4.04696e-33
18.705 82.2779 62.196 41.7743 31.4354 21.0173 4.04696e-33
18.805 81.8719 61.8404 41.5222 31.2412 20.8838 4.04696e-33
18.905 81.5173 61.5208 41.2574 31.0262 20.7329 4.04696e-33
19.005 81.1887 61.2246 41.0228 30.8361 20.5973 4.04696e-33
19.105 80.8898 60.9613 40.824 30.6802 20.4906 4.04696e-33
19.205 80.6222 60.7265 40.6434 30.5352 20.3872 4.04696e-33
19.305 80.3958 60.5355 40.5039 30.4291 20.317 4.04696e-33
19.405 80.4769 60.6249 40.5542 30.4537 20.3247 4.04696e-33
19.505 80.4934 60.6904 40.7273 30.6547 20.5135 4.04696e-33
19.605 80.8183 60.9799 40.9396 30.8208 20.6221 4.04696e-33
19.705 81.3103 61.4929 41.4132 31.2211 20.9109 4.04696e-33
19.805 81.6763 61.891 41.7571 31.4837 21.0839 4.04696e-33
19.905 82.054 62.2242 42.0514 31.7431 21.2809 4.04696e-33
20.005 82.0696 62.231 42.0243 31.7161 21.2565 4.04696e-33
20.105 82.0107 62.0265 41.7198 31.4241 21.0307 4.04696e-33
20.205 82.0285 62.0645 41.7671 31.4675 21.0634 4.04696e-33
20.305 82.095 62.1836 41.9153 31.594 21.146 4.04696e-33
20.405 82.102 62.2106 41.9713 31.6631 21.22 4.04696e-33
20.505 82.0528 62.1262 41.8491 31.5426 21.1211 4.04696e-33
20.605 81.8819 61.9781 41.7401 31.4652 21.0794 4.04696e-33
20.705 81.7162 61.8001 41.5812 31.3316 20.9775 4.04696e-33
20.805 81.6151 61.7031 41.5118 31.2762 20.9399 4.04696e-33
20.905 81.7375 61.823 41.6067 31.3513 20.9907 4.04696e-33
21.005 82.0071 62.0598 41.8015 31.5036 21.1016 4.04696e-33
21.105 81.8838 61.9251 41.673 31.4038 21.0226 4.04696e-33
21.205 81.6494 61.7003 41.4556 31.2068 20.8729 4.04696e-33
21.305 81.4234 61.4597 41.2338 31.0169 20.7327 4.04696e-33
21.405 81.1501 61.228 41.0668 30.8886 20.6454 4.04696e-33
21.505 80.881 60.9791 40.8715 30.7337 20.5382 4.04696e-33
21.605 80.632 60.7485 40.6858 30.5841 20.4322 4.04696e-33
21.705 80.4005 60.5406 40.5121 30.4372 20.3245 4.04696e-33
21.805 80.1895 60.3517 40.3643 30.3166 20.2363 4.04696e-33
21.905 80.0081 60.1895 40.2364 30.2147 20.1647 4.04696e-33
22.005 79.9254 60.1571 40.2471 30.2346 20.1887 4.04696e-33
22.105 79.8664 60.1369 40.2572 30.2507 20.1999 4.04696e-33
22.205 79.8361 60.1196 40.2644 30.2698 20.2214 4.04696e-33
22.305 79.8545 60.1512 40.3105 30.3088 20.2504 4.04696e-33
22.405 79.8752 60.1291 40.2631 30.2775 20.2349 4.04696e-33
22.505 79.8077 60.0686 40.2031 30.2109 20.1762 4.04696e-33
22.605 79.686 59.9341 40.0777 30.1043 20.0982 4.04696e-33
22.705 79.5623 59.8127 39.9674 30.0078 20.0244 4.04696e-33
22.805 79.4663 59.719 39.89 29.9554 19.993 4.04696e-33
22.905 79.411 59.7159 39.9133 29.9688 19.9992 4.04696e-33
23.005 79.3925 59.7157 39.9303 29.9934 20.0228 4.04696e-33
23.105 79.3765 59.7224 39.9656 30.0323 20.0546 4.04696e-33
23.205 79.4253 59.7806 40.0203 30.0785 20.0888 4.04696e-33
23.305 79.523 59.8845 40.1117 30.1561 20.1564 4.04696e-33
23.405 79.7423 60.0875 40.3234 30.3634 20.3161 4.04696e-33
23.505 79.9736 60.333 40.5268 30.5355 20.4386 4.04696e-33
23.605 80.1936 60.5149 40.6721 30.6385 20.5142 4.04696e-33
23.705 80.4127 60.7353 40.8506 30.7802 20.6108 4.04696e-33
23.805 80.9165 61.1664 41.1787 31.0472 20.8046 4.04696e-33
23.905 81.3717 61.6129 41.5762 31.3822 21.0474 4.04696e-33
24.005 81.7092 61.9325 41.8424 31.6 21.2017 4.04696e-33
24.105 81.9217 62.129 42.0058 31.7437 21.3099 4.04696e-33
24.205 81.9293 62.1013 41.9342 31.6707 21.2511 4.04696e-33
24.305 81.8992 62.0551 41.8757 31.5926 21.1789 4.04696e-33
24.405 81.8713 61.9698 41.7496 31.4937 21.1073 4.04696e-33
24.505 81.6897 61.7433 41.5435 31.3019 20.9567 4.04696e-33
24.605 81.4584 61.5213 41.3171 31.0993 20.8016 4.04696e-33
24.705 81.159 61.2213 41.0487 30.8702 20.6309 4.04696e-33
24.805 80.8729 60.955 40.8327 30.6946 20.5025 4.04696e-33
24.905 80.6419 60.7469 40.6563 30.5518 20.407 4.04696e-33
25.005 80.4419 60.6141 40.5923 30.5024 20.3682 4.04696e-33
25.105 80.2468 60.4236 40.4599 30.4139 20.3189 4.04696e-33
25.205 80.0657 60.2657 40.3442 30.3224 20.2531 4.04696e-33
25.305 80.1383 60.3934 40.4927 30.4601 20.3644 4.04696e-33
25.405 80.4865 60.7636 40.8527 30.783 20.6063 4.04696e-33
25.505 80.7644 61.0466 41.0861 30.9602 20.7236 4.04696e-33
25.605 81.1459 61.4287 41.4572 31.3154 21.0184 4.04696e-33
25.705 81.5613 61.7684 41.6999 31.4897 21.1268 4.04696e-33
25.805 81.8723 62.039 41.8825 31.6161 21.204 4.04696e-33
25.905 82.1269 62.2718 42.087 31.7819 21.3126 4.04696e-33
26.005 82.2591 62.3836 42.1372 31.8285 21.35 4.04696e-33
26.105 82.2568 62.3886 42.1447 31.8089 21.327 4.04696e-33
26.205 82.2753 62.3848 42.1265 31.8067 21.3397 4.04696e-33
26.305 82.4631 62.514 42.1943 31.8444 21.3514 4.04696e-33
26.405 82.498 62.543 42.1988 31.8383 21.3417 4.04696e-33
26.505 82.3629 62.404 42.0774 31.7364 21.2655 4.04696e-33
26.605 82.2069 62.2515 41.9624 31.6502 21.2125 4.04696e-33
26.705 81.9967 62.0498 41.795 31.5183 21.1181 4.04696e-33
26.805 81.8203 61.8915 41.673 31.4154 21.0377 4.04696e-33
26.905 81.7061 61.8135 41.6207 31.3745 21.0088 4.04696e-33
27.005 81.7944 61.9259 41.7732 31.5152 21.1198 4.04696e-33
27.105 81.9334 62.1101 41.945 31.6784 21.246 4.04696e-33
27.205 82.0302 62.2276 42.0392 31.7389 21.2908 4.04696e-33
27.305 82.1704 62.3019 42.0796 31.7762 21.3208 4.04696e-33
27.405 82.2933 62.3683 42.0939 31.7907 21.3328 4.04696e-33
27.505 82.3013 62.3728 42.0848 31.7593 21.2968 4.04696e-33
27.605 82.1582 62.2043 41.9163 31.612 21.1893 4.04696e-33
27.705 81.8272 61.8512 41.5888 31.3246 20.964 4.04696e-33
27.805 81.4972 61.5217 41.279 31.0524 20.7574 4.04696e-33
27.905 81.2031 61.2686 41.0687 30.8744 20.6251 4.04696e-33
28.005 80.9118 60.9906 40.8654 30.7246 20.5286 4.04696e-33
28.105 80.6606 60.777 40.7137 30.6094 20.4508 4.04696e-33
28.205 80.4263 60.5647 40.5326 30.4525 20.3376 4.04696e-33
28.305 80.2121 60.3733 40.3834 30.3333 20.249 4.04696e-33
28.405 80.0193 60.2021 40.2502 30.2259 20.1727 4.04696e-33
28.505 79.8465 60.05 40.1341 30.1337 20.1082 4.04696e-33
28.605 79.693 59.9195 40.0414 30.0638 20.0619 4.04696e-33
28.705 79.559 59.8009 39.9484 29.9883 20.0078 4.04696e-33
28.805 79.438 59.6943 39.8669 29.9235 19.9624 4.04696e-33
28.905 79.3297 59.5996 39.7952 29.8668 19.9229 4.04696e-33
29.005 79.2332 59.5154 39.7318 29.8168 19.8882 4.04696e-33
29.105 79.1476 59.4408 39.6757 29.7727 19.8576 4.04696e-33
29.205 79.0914 59.4047 39.6609 29.7649 19.8561 4.04696e-33
29.305 79.0527 59.3733 39.6412 29.7524 19.8478 4.04696e-33
29.405 78.9966 59.3161 39.591 29.7107 19.8179 4.04696e-33
29.505 78.9424 59.2654 39.5477 29.6736 19.7899 4.04696e-33
29.605 78.8918 59.2195 39.5111 29.6438 19.7686 4.04696e-33
29.705 78.8457 59.1786 39.4796 29.6187 19.7509 4.04696e-33
29.805 78.8043 59.1423 39.452 29.5968 19.7357 4.04696e-33
29.905 78.7675 59.1101 39.4277 29.5776 19.7224 4.04696e-33
30.005 78.7347 59.0816 39.4062 29.5607 19.7106 4.04696e-33
30.105 78.7057 59.0563 39.3873 29.5458 19.7003 4.04696e-33
30.205 78.6804 59.0353 39.3734 29.5361 19.6945 4.04696e-33
30.305 78.6577 59.016 39.361 29.5283 19.6911 4.04696e-33
30.405 78.6394 58.9998 39.3479 29.5182 19.6851 4.04696e-33
30.505 78.6224 58.9851 39.3355 29.5059 19.6733 4.04696e-33
30.605 78.6068 58.9709 39.3238 29.4962 19.6661 4.04696e-33
30.705 78.5926 58.9582 39.3139 29.4882 19.6604 4.04696e-33
30.805 78.5798 58.9469 39.3053 29.4814 19.6557 4.04696e-33
30.905 78.5685 58.937 39.2978 29.4755 19.6515 4.04696e-33
31.005 78.5584 58.9282 39.2912 29.4703 19.6479 4.04696e-33
31.105 78.5495 58.9204 39.2853 29.4657 19.6447 4.04696e-33
31.205 78.5416 58.9135 39.2802 29.4616 19.6419 4.04696e-33
31.305 78.5345 58.9074 39.2756 29.458 19.6394 4.04696e-33
31.405 78.5283 58.902 39.2715 29.4548 19.6372 4.04696e-33
31.505 78.5228 58.8972 39.2679 29.452 19.6352 4.04696e-33
31.605 78.5179 58.893 39.2647 29.4494 19.6335 4.04696e-33
31.705 78.5136 58.8892 39.2619 29.4472 19.6319 4.04696e-33
31.805 78.5097 58.8859 39.2594 29.4453 19.6306 4.04696e-33
31.905 78.5064 58.8829 39.2572 29.4435 19.6294 4.04696e-33
32.005 78.5033 58.8803 39.2552 29.442 19.6283 4.04696e-33
32.105 78.5007 58.878 39.2535 29.4406 19.6274 4.04696e-33
32.205 78.4983 58.8759 39.252 29.4394 19.6265 4.04696e-33
32.305 78.4962 58.8741 39.2506 29.4383 19.6258 4.04696e-33
32.405 78.4944 58.8725 39.2494 29.4374 19.6251 4.04696e-33
