0.005 -2.11784e-16 -1.20505e-05 -3.38228e-15
0.105 -2.60159e-09 -1.2169e-05 6.97988e-07
0.205 -2.24824e-09 -1.22183e-05 1.64354e-06
0.305 -2.14347e-09 -1.22567e-05 -2.68113e-07
0.405 -2.1501e-09 -1.22722e-05 3.32761e-07
0.505 -2.24421e-09 -1.22945e-05 -4.16068e-06
0.605 -2.10351e-09 -1.23343e-05 -1.90295e-06
0.705 -2.19622e-09 -1.23873e-05 2.8521e-06
0.805 -2.27111e-09 -1.25188e-05 6.51157e-06
0.905 -2.28962e-09 -1.28872e-05 1.83611e-07
1.005 -2.19541e-09 -1.30384e-05 1.47524e-06
1.105 -2.41296e-09 -1.32141e-05 -1.78924e-05
1.205 -1.95743e-09 -1.35806e-05 1.10914e-05
1.305 -5.11232e-10 -1.49384e-05 -8.09298e-06
1.405 -4.53408e-09 -1.63739e-05 -8.35431e-05
1.505 -6.07135e-09 -1.99254e-05 8.32384e-05
1.605 -1.08501e-08 -2.25551e-05 -7.40673e-06
1.705 -1.64632e-08 -2.60903e-05 4.1235e-05
1.805 -1.75655e-08 -3.03764e-05 4.02905e-05
1.905 -1.88313e-08 -3.34724e-05 -2.7579e-05
2.005 -2.02065e-08 -3.5796e-05 -1.80909e-05
2.105 -1.81579e-08 -3.94123e-05 8.63939e-05
2.205 -2.00909e-08 -4.37797e-05 2.17799e-06
2.305 -2.00741e-08 -4.64631e-05 -2.66278e-06
2.405 -1.86459e-08 -4.93245e-05 4.34932e-05
2.505 -2.04593e-08 -5.21368e-05 -1.91426e-05
2.605 -1.45543e-08 -5.54574e-05 0.000114116
2.705 -1.69497e-08 -5.81767e-05 3.17541e-06
2.805 -1.87068e-08 -6.01213e-05 6.07209e-05
2.905 -1.99429e-08 -6.24496e-05 8.39057e-05
3.005 -2.66446e-08 -6.34823e-05 -5.59882e-05
3.105 -2.67774e-08 -6.38373e-05 0.000160629
3.205 -2.87136e-08 -6.46035e-05 -8.59836e-06
3.305 -2.98587e-08 -6.69125e-05 5.24232e-05
3.405 -2.8774e-08 -6.94389e-05 0.000171059
3.505 -2.96756e-08 -7.42829e-05 6.39736e-05
3.605 -2.81978e-08 -7.75823e-05 4.78718e-05
3.705 -2.72718e-08 -8.0572e-05 0.000152334
3.805 -2.33974e-08 -8.29637e-05 -0.000228265
3.905 -1.99203e-08 -8.16525e-05 -0.000279737
4.005 -1.69864e-08 -8.19524e-05 2.7034e-05
4.105 -1.27997e-08 -8.27983e-05 0.0005889
4.205 -1.14837e-08 -8.5298e-05 0.000246182
4.305 -1.10376e-08 -9.05364e-05 0.000428557
4.405 -9.99574e-09 -9.4427e-05 0.000141702
4.505 -8.93293e-09 -9.94462e-05 -0.000460291
4.605 -7.43698e-09 -9.88694e-05 -0.00138043
4.705 -7.15126e-09 -9.90694e-05 -0.00138973
4.805 -6.77641e-09 -9.80327e-05 -0.00114858
4.905 -6.10056e-09 -9.72169e-05 -0.000726455
5.005 -5.06544e-09 -9.95123e-05 6.62438e-05
5.105 -5.09118e-09 -0.000102751 0.000284895
5.205 -5.15999e-09 -0.000104038 5.8849e-05
5.305 -5.07028e-09 -0.000109323 0.000408143
5.405 -5.27328e-09 -0.000112247 0.000747243
5.505 -5.31856e-09 -0.000111558 -7.17585e-05
5.605 -3.46407e-08 -0.000112672 -0.00142138
5.705 -2.51795e-08 -0.000111382 -0.00088136
5.805 -4.27719e-08 -0.000128227 0.000628242
5.905 -3.101e-08 -0.000111164 0.000609404
6.005 -1.37898e-08 -0.000116226 -0.000142246
6.105 -3.04336e-08 -0.000119104 0.000779517
6.205 -1.86635e-08 -0.00012773 -0.00196364
6.305 -1.70825e-08 -0.000123973 -0.0031534
6.405 -1.81246e-08 -0.000111729 -0.00237298
6.505 -1.86539e-08 -0.000114022 -0.00139242
6.605 -2.64417e-08 -0.000138486 0.00239787
6.705 -1.7708e-08 -0.000110595 0.00244549
6.805 -1.567e-08 -0.000110317 0.00294887
6.905 -1.48913e-08 -0.000103047 0.00280573
7.005 -1.43659e-08 -0.000100406 0.00220461
7.105 -1.33139e-08 -0.000102514 0.00123284
7.205 -1.25386e-08 -0.000139223 -0.00198324
7.305 -1.3285e-08 -0.000104895 -0.00279259
7.405 -1.4748e-08 -0.000106473 -0.00307651
7.505 -1.54065e-08 -0.000115753 -0.00408524
7.605 -1.61338e-08 -0.000121919 -0.00401768
7.705 -1.74406e-08 -0.000126518 -0.00320673
7.805 -1.69674e-08 -0.000133993 -0.00271197
7.905 -1.74337e-08 -0.000131401 -0.0025015
8.005 -1.76895e-08 -0.000135712 -0.00366
8.105 -1.88491e-08 -0.000137941 -0.00265001
8.205 -1.91879e-08 -0.000149253 -0.000457052
8.305 5.58778e-09 -0.000177023 0.00325822
8.405 -4.22054e-08 -0.000164761 0.00268544
8.505 -4.47393e-08 -0.000172409 0.00350645
8.605 -4.02932e-08 -0.000164536 0.00462306
8.705 -4.47914e-08 -0.000150676 0.00407342
8.805 -5.34296e-08 -0.00015434 0.00303827
8.905 -6.39325e-08 -0.00016054 0.0016819
9.005 -6.99891e-08 -0.000197798 -0.00268655
9.105 -7.14411e-08 -0.000175394 -0.00312822
9.205 -6.90778e-08 -0.000178994 -0.0018795
9.305 -6.79353e-08 -0.000179017 -0.00196176
9.405 -6.83736e-08 -0.00019159 -0.00201909
9.505 -6.9178e-08 -0.000204377 -0.00093087
9.605 -6.76997e-08 -0.000215625 0.000822873
9.705 -6.67149e-08 -0.000212673 0.00197258
9.805 -6.41134e-08 -0.000215861 0.00105822
9.905 -6.15051e-08 -0.000230375 -0.00219988
10.005 -6.14448e-08 -0.000242174 -0.00330207
10.105 -6.27197e-08 -0.000246071 -0.00294205
10.205 -6.25373e-08 -0.00025363 -0.00235035
10.305 -6.01584e-08 -0.000266777 -0.00358367
10.405 -6.03663e-08 -0.00026371 -0.00403463
10.505 -6.18652e-08 -0.00027634 -0.00256378
10.605 -6.06725e-08 -0.000289799 -0.00185591
10.705 -6.15022e-08 -0.00030974 -0.0018157
10.805 -6.16602e-08 -0.000320309 -0.00190524
10.905 -6.11338e-08 -0.00032848 -0.00266717
11.005 -6.08281e-08 -0.000337183 -0.00268048
11.105 -6.12972e-08 -0.000349116 -0.00201626
11.205 -6.12377e-08 -0.000357081 -0.00242512
11.305 -6.11046e-08 -0.000369958 -0.00261356
11.405 -6.12425e-08 -0.000378114 -0.00252142
11.505 -6.12413e-08 -0.000389488 -0.00253489
11.605 -6.13109e-08 -0.000396865 -0.0024802
11.705 -6.13447e-08 -0.000402966 -0.00244901
11.805 -6.13297e-08 -0.000408194 -0.00249391
11.905 -6.13444e-08 -0.00041256 -0.0024428
12.005 -6.13395e-08 -0.000416296 -0.00243317
12.105 -6.13477e-08 -0.000418656 -0.00253456
12.205 -6.14155e-08 -0.000421933 -0.00248577
12.305 -6.13709e-08 -0.000424101 -0.0024469
12.405 -6.14988e-08 -0.000428456 -0.00255915
12.505 -6.15664e-08 -0.000431666 -0.00247297
12.605 -6.15611e-08 -0.000435842 -0.00251154
12.705 -6.15888e-08 -0.000439019 -0.0024575
12.805 -6.15981e-08 -0.000442255 -0.0024851
12.905 -6.16027e-08 -0.000445344 -0.00248357
13.005 -6.1607e-08 -0.000447732 -0.00250849
13.105 -6.16119e-08 -0.000450293 -0.00252599
13.205 -6.16579e-08 -0.000451735 -0.00241971
13.305 -6.17252e-08 -0.000453052 -0.00255256
13.405 -6.20187e-08 -0.000454916 -0.00245362
13.505 -6.1416e-08 -0.000457817 -0.00245082
13.605 -6.1708e-08 -0.000460793 -0.00252212
13.705 -6.16653e-08 -0.00046471 -0.00248117
13.805 -6.15944e-08 -0.000467981 -0.00249308
13.905 -6.16434e-08 -0.000470259 -0.00246918
14.005 -6.16488e-08 -0.000472443 -0.00250258
14.105 -6.17126e-08 -0.000473686 -0.00254616
14.205 -6.16662e-08 -0.000473851 -0.0024173
14.305 -6.18669e-08 -0.000474802 -0.00249832
14.405 -6.19213e-08 -0.000477658 -0.00251603
14.505 -6.20031e-08 -0.000479785 -0.00236986
14.605 -6.20701e-08 -0.000481774 -0.00249925
14.705 -6.20846e-08 -0.000485648 -0.00246009
14.805 -6.20993e-08 -0.000488816 -0.00243112
14.905 -6.20779e-08 -0.00049048 -0.00253587
15.005 -6.2118e-08 -0.000492836 -0.00245216
15.105 -6.20996e-08 -0.000495074 -0.00241317
15.205 -6.22669e-08 -0.000497128 -0.00251667
15.305 -6.22808e-08 -0.000500406 -0.00244286
15.405 -6.22852e-08 -0.000503471 -0.00249648
15.505 -6.22749e-08 -0.000506095 -0.00246886
15.605 -6.22954e-08 -0.000508519 -0.00244172
15.705 -6.2283e-08 -0.000510586 -0.00248823
15.805 -6.22996e-08 -0.000512971 -0.00244369
15.905 -6.22791e-08 -0.000515729 -0.00253371
16.005 -6.23843e-08 -0.000517678 -0.00241534
16.105 -6.24359e-08 -0.000520271 -0.00247708
16.205 -6.23744e-08 -0.000522467 -0.00252684
16.305 -6.2424e-08 -0.000524717 -0.00243609
16.405 -6.2393e-08 -0.000527371 -0.00252583
16.505 -6.24596e-08 -0.000530447 -0.00246936
16.605 -6.24059e-08 -0.000533153 -0.00249586
16.705 -6.24273e-08 -0.000535181 -0.00247893
16.805 -6.24154e-08 -0.000536744 -0.00246405
16.905 -6.24101e-08 -0.000538423 -0.00248296
17.005 -6.2388e-08 -0.000539975 -0.00249185
17.105 -6.24235e-08 -0.000541065 -0.00243654
17.205 -6.24206e-08 -0.000542251 -0.00249656
17.305 -6.24224e-08 -0.00054371 -0.00251655
17.405 -6.24722e-08 -0.000545051 -0.00246721
17.505 -6.24638e-08 -0.000546566 -0.00246436
17.605 -6.24377e-08 -0.000547751 -0.00250127
17.705 -6.24712e-08 -0.000548741 -0.00245402
17.805 -6.26244e-08 -0.000549884 -0.00250167
17.905 -6.26346e-08 -0.000550913 -0.00247987
18.005 -6.26263e-08 -0.000551391 -0.00241865
18.105 -6.26159e-08 -0.000552238 -0.00250668
18.205 -6.26428e-08 -0.000553965 -0.00246489
18.305 -6.2982e-08 -0.000555478 -0.00247823
18.405 -6.26666e-08 -0.000556704 -0.00247206
18.505 -6.26024e-08 -0.00055762 -0.00248674
18.605 -6.26546e-08 -0.000558339 -0.0024737
18.705 -6.26256e-08 -0.000558998 -0.00246617
18.805 -6.26059e-08 -0.000559583 -0.00248193
18.905 -6.26233e-08 -0.000560186 -0.00247736
19.005 -6.26094e-08 -0.000560683 -0.00247941
19.105 -6.26226e-08 -0.000561134 -0.00247177
19.205 -6.26129e-08 -0.000561509 -0.00247239
19.305 -6.2607e-08 -0.000561912 -0.0024834
19.405 -6.26188e-08 -0.000562249 -0.00246363
19.505 -6.26089e-08 -0.00056243 -0.00248331
19.605 -6.25873e-08 -0.000562877 -0.00249988
19.705 -6.26253e-08 -0.000563153 -0.00244056
19.805 -6.25984e-08 -0.000563625 -0.00250591
19.905 -6.26329e-08 -0.000564115 -0.00244266
20.005 -6.26205e-08 -0.000564871 -0.00249165
20.105 -6.26256e-08 -0.000565846 -0.00248815
20.205 -6.26897e-08 -0.000566396 -0.00245412
20.305 -6.26731e-08 -0.0005669 -0.0025041
20.405 -6.27236e-08 -0.000567525 -0.00245766
20.505 -6.27111e-08 -0.000568408 -0.00248004
20.605 -6.27397e-08 -0.000569161 -0.0024661
20.705 -6.27228e-08 -0.000569974 -0.00247714
20.805 -6.2727e-08 -0.000570675 -0.00247987
20.905 -6.27489e-08 -0.000571304 -0.00244902
21.005 -6.27135e-08 -0.000571893 -0.00249804
21.105 -6.27583e-08 -0.000572707 -0.00246377
21.205 -6.27249e-08 -0.000573474 -0.00248446
21.305 -6.27306e-08 -0.000574103 -0.00248091
21.405 -6.27424e-08 -0.000574652 -0.0024752
21.505 -6.27316e-08 -0.000575186 -0.00247962
21.605 -6.27444e-08 -0.000575668 -0.00246801
21.705 -6.27246e-08 -0.000576073 -0.00248129
21.805 -6.2732e-08 -0.000576405 -0.00247518
21.905 -6.27374e-08 -0.000576663 -0.00246958
22.005 -6.27232e-08 -0.000576807 -0.00249378
22.105 -6.27476e-08 -0.000577033 -0.00246629
22.205 -6.27395e-08 -0.000577295 -0.00249006
22.305 -6.27482e-08 -0.000577555 -0.00247059
22.405 -6.27444e-08 -0.000577889 -0.00247582
22.505 -6.27423e-08 -0.000578296 -0.00247389
22.605 -6.27569e-08 -0.000578648 -0.00247331
22.705 -6.2753e-08 -0.000578924 -0.00247298
22.805 -6.2733e-08 -0.000579081 -0.00248659
22.905 -6.27546e-08 -0.00057925 -0.00246311
23.005 -6.27498e-08 -0.000579387 -0.00248581
23.105 -6.27577e-08 -0.000579531 -0.00246748
23.205 -6.27496e-08 -0.000579716 -0.00249176
23.305 -6.27848e-08 -0.000579904 -0.00246288
23.405 -6.277e-08 -0.000580098 -0.00249275
23.505 -6.27798e-08 -0.000580424 -0.00246911
23.605 -6.2801e-08 -0.000580867 -0.00248451
23.705 -6.28388e-08 -0.000581311 -0.00247949
23.805 -6.28699e-08 -0.000581634 -0.00245172
23.905 -6.28594e-08 -0.000581953 -0.00250578
24.005 -6.29236e-08 -0.000582552 -0.00243879
24.105 -6.28952e-08 -0.000583246 -0.00250759
24.205 -6.29414e-08 -0.000584296 -0.00245074
24.305 -6.28986e-08 -0.000585274 -0.00249839
24.405 -6.29398e-08 -0.000586125 -0.00246521
24.505 -6.29349e-08 -0.000586999 -0.00247603
24.605 -6.29205e-08 -0.000587789 -0.0024792
24.705 -6.29266e-08 -0.000588484 -0.00247895
24.805 -6.29406e-08 -0.000588966 -0.00246959
24.905 -6.29232e-08 -0.000589347 -0.0024856
25.005 -6.2945e-08 -0.00058966 -0.00246363
25.105 -6.29269e-08 -0.000589958 -0.00248563
25.205 -6.29446e-08 -0.000590345 -0.00246261
25.305 -6.29174e-08 -0.000590501 -0.00250213
25.405 -6.29379e-08 -0.000590623 -0.00244285
25.505 -6.2926e-08 -0.000590894 -0.00249092
25.605 -6.2973e-08 -0.000591042 -0.00248318
25.705 -6.299e-08 -0.000591676 -0.00246066
25.805 -6.29475e-08 -0.000592388 -0.00251143
25.905 -6.30019e-08 -0.000593021 -0.00244412
26.005 -6.29525e-08 -0.000593722 -0.00250191
26.105 -6.29956e-08 -0.00059452 -0.00246473
26.205 -6.30062e-08 -0.000595201 -0.00247155
26.305 -6.29735e-08 -0.000595954 -0.00250119
26.405 -6.3029e-08 -0.000596783 -0.00245647
26.505 -6.2972e-08 -0.000597661 -0.00250124
26.605 -6.30294e-08 -0.000598458 -0.00245379
26.705 -6.29932e-08 -0.000599369 -0.00249858
26.805 -6.30307e-08 -0.000600144 -0.00245594
26.905 -6.29841e-08 -0.000600784 -0.00250103
27.005 -6.30328e-08 -0.000601278 -0.00244319
27.105 -6.2985e-08 -0.000601807 -0.00250573
27.205 -6.30344e-08 -0.000602502 -0.00245908
27.305 -6.3036e-08 -0.000603216 -0.00247283
27.405 -6.30367e-08 -0.000604055 -0.00248779
27.505 -6.30706e-08 -0.000605042 -0.00245449
27.605 -6.30214e-08 -0.00060606 -0.00249587
27.705 -6.30355e-08 -0.000607141 -0.00247035
27.805 -6.30363e-08 -0.000607919 -0.00248276
27.905 -6.3058e-08 -0.000608476 -0.00246954
28.005 -6.30186e-08 -0.000608903 -0.00248648
28.105 -6.3043e-08 -0.000609319 -0.00246543
28.205 -6.30205e-08 -0.000609736 -0.00248078
28.305 -6.30294e-08 -0.000610095 -0.0024763
28.405 -6.30305e-08 -0.000610368 -0.00247426
28.505 -6.30293e-08 -0.000610595 -0.00247671
28.605 -6.30282e-08 -0.000610805 -0.00247609
28.705 -6.30285e-08 -0.000611001 -0.00247789
28.805 -6.30241e-08 -0.000611161 -0.00247658
28.905 -6.30289e-08 -0.000611299 -0.00247944
29.005 -6.30276e-08 -0.00061142 -0.00247485
29.105 -6.30259e-08 -0.000611527 -0.00248126
29.205 -6.30305e-08 -0.000611594 -0.00247287
29.305 -6.3032e-08 -0.000611719 -0.00247592
29.405 -6.302e-08 -0.000611847 -0.0024769
29.505 -6.30284e-08 -0.000611952 -0.00247206
29.605 -6.30179e-08 -0.000612028 -0.00247977
29.705 -6.30254e-08 -0.000612091 -0.00247349
29.805 -6.30275e-08 -0.000612144 -0.00247268
29.905 -6.30198e-08 -0.00061219 -0.00248219
30.005 -6.30205e-08 -0.000612231 -0.0024766
30.105 -6.30261e-08 -0.000612267 -0.00247317
30.205 -6.30141e-08 -0.000612302 -0.00248126
30.305 -6.30307e-08 -0.000612339 -0.00247088
30.405 -6.30158e-08 -0.000612375 -0.00248289
30.505 -6.30235e-08 -0.000612429 -0.00247105
30.605 -6.30125e-08 -0.000612455 -0.00248151
30.705 -6.3019e-08 -0.000612475 -0.00247422
30.805 -6.3014e-08 -0.000612491 -0.00247997
30.905 -6.30215e-08 -0.000612506 -0.00247355
31.005 -6.3016e-08 -0.000612518 -0.0024794
31.105 -6.30205e-08 -0.000612529 -0.00247416
31.205 -6.30158e-08 -0.000612539 -0.00247817
31.305 -6.30185e-08 -0.000612548 -0.00247486
31.405 -6.30167e-08 -0.000612556 -0.00247779
31.505 -6.30179e-08 -0.000612562 -0.00247532
31.605 -6.30181e-08 -0.000612568 -0.00247688
31.705 -6.3017e-08 -0.000612574 -0.00247626
31.805 -6.30186e-08 -0.000612578 -0.00247638
31.905 -6.30165e-08 -0.000612583 -0.00247665
32.005 -6.30176e-08 -0.000612586 -0.00247679
32.105 -6.30169e-08 -0.00061259 -0.00247623
32.205 -6.30191e-08 -0.000612592 -0.00247616
32.305 -6.30167e-08 -0.000612595 -0.00247692
32.405 -6.30189e-08 -0.000612597 -0.00247603
