0.005 -0.000433818 -0.000771232 -0.00101224 -0.0010966 -0.00115685 -0.00120505
0.105 -0.000433825 -0.000771249 -0.00101226 -0.00109661 -0.00115685 -0.00120518
0.205 -0.000433836 -0.000771262 -0.00101228 -0.00109663 -0.0011569 -0.00120532
0.305 -0.000433848 -0.000771286 -0.00101232 -0.00109669 -0.00115698 -0.00120547
0.405 -0.000433858 -0.000771311 -0.00101238 -0.00109676 -0.00115706 -0.00120559
0.505 -0.000433875 -0.000771353 -0.00101245 -0.00109685 -0.00115718 -0.00120576
0.605 -0.000433887 -0.000771374 -0.00101249 -0.00109692 -0.00115731 -0.001206
0.705 -0.000433899 -0.000771422 -0.00101259 -0.00109704 -0.00115747 -0.00120628
0.805 -0.000433892 -0.000771424 -0.00101275 -0.00109736 -0.001158 -0.00120718
0.905 -0.000433798 -0.000771211 -0.00101265 -0.00109753 -0.0011586 -0.00120865
1.005 -0.000433754 -0.000771189 -0.00101288 -0.00109796 -0.00115927 -0.00120971
1.105 -0.000434087 -0.000771818 -0.00101376 -0.00109894 -0.00116044 -0.00121133
1.205 -0.000434137 -0.000772871 -0.00101661 -0.00110287 -0.00116536 -0.00121747
1.305 -0.0004342 -0.00077432 -0.00102113 -0.00110954 -0.00117443 -0.00123013
1.405 -0.000437661 -0.000781989 -0.0010335 -0.00112438 -0.00119176 -0.0012512
1.505 -0.000440864 -0.000791863 -0.00105194 -0.00114714 -0.00121994 -0.00128866
1.605 -0.000445184 -0.000803243 -0.00107293 -0.00117332 -0.00125101 -0.00132688
1.705 -0.000449519 -0.000813272 -0.00109245 -0.00119935 -0.00128406 -0.00137071
1.805 -0.000457498 -0.000826877 -0.00111271 -0.00122468 -0.00131567 -0.00141303
1.905 -0.00046497 -0.000840634 -0.00113307 -0.00124904 -0.00134448 -0.00144952
2.005 -0.000471208 -0.0008527 -0.00115157 -0.00127171 -0.00137194 -0.00148344
2.105 -0.000477149 -0.000863458 -0.00116835 -0.00129327 -0.00139932 -0.0015207
2.205 -0.000481597 -0.000872134 -0.00118353 -0.00131339 -0.00142588 -0.00155854
2.305 -0.000485755 -0.000880926 -0.00119929 -0.00133338 -0.00145029 -0.00158977
2.405 -0.000490536 -0.000890615 -0.00121602 -0.00135376 -0.00147448 -0.00162075
2.505 -0.000495883 -0.000900733 -0.00123305 -0.00137467 -0.00149959 -0.00165287
2.605 -0.000500824 -0.000910998 -0.00125079 -0.00139794 -0.00152845 -0.00169017
2.705 -0.000505612 -0.000921695 -0.00127086 -0.00142339 -0.00155908 -0.00172766
2.805 -0.000511123 -0.000934175 -0.00129204 -0.00145055 -0.00159264 -0.00176809
2.905 -0.000518368 -0.000953854 -0.00132223 -0.00148483 -0.00163084 -0.00181224
3.005 -0.000525373 -0.000975951 -0.00135965 -0.00152745 -0.00167638 -0.00186069
3.105 -0.000534743 -0.000999741 -0.00139821 -0.001572 -0.00172488 -0.00191126
3.205 -0.00054534 -0.00102347 -0.00143496 -0.00161563 -0.00177497 -0.00196602
3.305 -0.000554212 -0.00104373 -0.0014689 -0.00165762 -0.00182501 -0.00202413
3.405 -0.000565955 -0.00106657 -0.00150474 -0.00170071 -0.00187466 -0.00208131
3.505 -0.000578802 -0.00109043 -0.00154042 -0.00174311 -0.00192402 -0.00214344
3.605 -0.000593037 -0.0011158 -0.00157655 -0.00178511 -0.00197211 -0.00220054
3.705 -0.000606514 -0.00114131 -0.00161352 -0.00182792 -0.00202062 -0.00225717
3.805 -0.000624993 -0.00117893 -0.00166716 -0.00188701 -0.00208418 -0.00232721
3.905 -0.00063881 -0.00121471 -0.00172612 -0.00195461 -0.00215593 -0.00239747
4.005 -0.000664775 -0.00126579 -0.0017974 -0.00203469 -0.00224369 -0.00248965
4.105 -0.000687666 -0.00131436 -0.00186577 -0.00210991 -0.00232324 -0.00257257
4.205 -0.000707354 -0.00135699 -0.00193384 -0.00218779 -0.00241004 -0.00266825
4.305 -0.000723538 -0.00139325 -0.0019941 -0.00225969 -0.0024921 -0.00276378
4.405 -0.000746097 -0.00143792 -0.00206071 -0.00233683 -0.00257939 -0.00286358
4.505 -0.000771947 -0.00148389 -0.00212781 -0.00241353 -0.00266403 -0.00296008
4.605 -0.000803938 -0.00153264 -0.00219384 -0.00248805 -0.00274273 -0.0030364
4.705 -0.000829297 -0.00158009 -0.00225486 -0.00255231 -0.00281033 -0.00310562
4.805 -0.000863737 -0.00164287 -0.00233852 -0.0026422 -0.00290433 -0.00320193
4.905 -0.00089457 -0.00170527 -0.002425 -0.00273638 -0.00300378 -0.0033028
5.005 -0.000920964 -0.00175523 -0.00250015 -0.00282106 -0.0030959 -0.00340145
5.105 -0.000947238 -0.0018083 -0.00257228 -0.00289937 -0.003181 -0.00349629
5.205 -0.000969794 -0.00185777 -0.0026461 -0.00298452 -0.00327334 -0.00359608
5.305 -0.000986743 -0.0018963 -0.00271137 -0.00306403 -0.00336679 -0.00370399
5.405 -0.00101222 -0.0019445 -0.00278729 -0.00315429 -0.00346734 -0.00380823
5.505 -0.00103317 -0.00199292 -0.00286401 -0.00324947 -0.00357655 -0.00392536
5.605 -0.00105322 -0.00203999 -0.00294205 -0.00334118 -0.00368168 -0.00403797
5.705 -0.00107167 -0.0020852 -0.00302488 -0.00344414 -0.00380043 -0.00416561
5.805 -0.0010914 -0.00213453 -0.00311201 -0.00354443 -0.00391007 -0.00429999
5.905 -0.00110785 -0.00217575 -0.0031902 -0.00365001 -0.00403622 -0.00441162
6.005 -0.00112436 -0.00221673 -0.00327031 -0.00374983 -0.00414981 -0.00454182
6.105 -0.00114272 -0.00225876 -0.00334309 -0.00384445 -0.00426911 -0.00468272
6.205 -0.00116103 -0.00229958 -0.00341296 -0.00393108 -0.00437596 -0.00482383
6.305 -0.0011859 -0.00235126 -0.00349976 -0.00404429 -0.00449202 -0.00491221
6.405 -0.00120949 -0.00240422 -0.00359338 -0.00415954 -0.00462062 -0.00502811
6.505 -0.00123138 -0.00245647 -0.00367239 -0.00424377 -0.00472869 -0.00514797
6.605 -0.00125985 -0.00252465 -0.0037739 -0.00434738 -0.00481107 -0.00526019
6.705 -0.00128193 -0.00257287 -0.0038626 -0.0044493 -0.00492218 -0.00534486
6.805 -0.00130166 -0.00261914 -0.00394699 -0.00454656 -0.00503249 -0.0054562
6.905 -0.00132704 -0.00268371 -0.00406344 -0.00467534 -0.00516204 -0.00557073
7.005 -0.00135023 -0.00273491 -0.00415956 -0.00479052 -0.00529109 -0.00570087
7.105 -0.00138485 -0.00280524 -0.00421903 -0.00486705 -0.00540503 -0.00582702
7.205 -0.0014253 -0.00288399 -0.00432757 -0.00496651 -0.00549118 -0.00596613
7.305 -0.00144604 -0.00294583 -0.00442421 -0.00507808 -0.00561653 -0.00605942
7.405 -0.00146848 -0.0029962 -0.00450252 -0.00516991 -0.00572756 -0.00619587
7.505 -0.00148798 -0.00304105 -0.00457553 -0.00525841 -0.00583699 -0.00633294
7.605 -0.00151122 -0.00308621 -0.00465076 -0.00534778 -0.00594522 -0.0064701
7.705 -0.00153474 -0.00314111 -0.00474413 -0.00545605 -0.00607875 -0.00662247
7.805 -0.00155443 -0.0031909 -0.004837 -0.00556504 -0.0062018 -0.00676546
7.905 -0.00157157 -0.00323569 -0.00492793 -0.00568152 -0.00633734 -0.00691108
8.005 -0.00159027 -0.00327922 -0.00501701 -0.00580237 -0.00647785 -0.007066
8.105 -0.00161064 -0.00332322 -0.00509647 -0.00590645 -0.00661512 -0.0072249
8.205 -0.00163521 -0.00337693 -0.00518653 -0.00601599 -0.00673853 -0.00738527
8.305 -0.00165959 -0.00343583 -0.0052895 -0.00614601 -0.00689408 -0.0075118
8.405 -0.00167908 -0.00347738 -0.00538168 -0.00627003 -0.0070402 -0.00764952
8.505 -0.00169688 -0.00351967 -0.00546246 -0.00638085 -0.00717146 -0.00780321
8.605 -0.00171784 -0.00357173 -0.00556425 -0.00651783 -0.00730523 -0.0079086
8.705 -0.00173596 -0.0036174 -0.00566622 -0.00664816 -0.00745376 -0.00805002
8.805 -0.00175704 -0.00366788 -0.00575697 -0.00676048 -0.00758428 -0.00819558
8.905 -0.00178089 -0.00372617 -0.00584592 -0.00683399 -0.00769651 -0.0083351
9.005 -0.00181071 -0.00380439 -0.00597127 -0.00696948 -0.00781411 -0.0084845
9.105 -0.00182627 -0.00386268 -0.00608525 -0.0071026 -0.00795836 -0.00860645
9.205 -0.00184664 -0.00391477 -0.00617946 -0.00722134 -0.00809366 -0.00875325
9.305 -0.00186532 -0.00395844 -0.00626216 -0.00732365 -0.00822232 -0.00890642
9.405 -0.00188433 -0.00400392 -0.0063389 -0.00742215 -0.00834421 -0.00906229
9.505 -0.00190683 -0.00405224 -0.00642058 -0.00752204 -0.00846569 -0.00921845
9.605 -0.00192662 -0.00409933 -0.00650144 -0.00761942 -0.00857957 -0.00936
9.705 -0.00194457 -0.00414852 -0.00659616 -0.00773576 -0.00871467 -0.00950206
9.805 -0.00196023 -0.00418504 -0.00667121 -0.0078348 -0.00884307 -0.00965458
9.905 -0.00197713 -0.00422559 -0.00674254 -0.00792649 -0.00895486 -0.00980381
10.005 -0.00199384 -0.00426248 -0.00680804 -0.00801013 -0.00906393 -0.00994148
10.105 -0.00200879 -0.0042965 -0.00687128 -0.00809686 -0.00917953 -0.0100886
10.205 -0.00202076 -0.00432561 -0.00693178 -0.00818082 -0.00929272 -0.0102353
10.305 -0.0020325 -0.00435483 -0.00698956 -0.00826081 -0.0093999 -0.0103852
10.405 -0.00204562 -0.00438618 -0.00704828 -0.00833912 -0.00950437 -0.0105205
10.505 -0.0020569 -0.0044131 -0.00710114 -0.00841336 -0.00960811 -0.0106707
10.605 -0.00206909 -0.00444169 -0.00715349 -0.00848317 -0.00970156 -0.0108104
10.705 -0.00208082 -0.00446826 -0.00720229 -0.0085482 -0.00978875 -0.0109464
10.805 -0.0020934 -0.00449717 -0.00725466 -0.00861638 -0.00987543 -0.0110648
10.905 -0.00210436 -0.00452382 -0.00730636 -0.00868563 -0.00996651 -0.0111877
11.005 -0.00211588 -0.00455154 -0.00735953 -0.00875546 -0.010057 -0.011312
11.105 -0.00212604 -0.00457744 -0.00741124 -0.00882479 -0.0101469 -0.0114353
11.205 -0.00213682 -0.00460398 -0.00746297 -0.00889405 -0.0102392 -0.0115643
11.305 -0.00214772 -0.0046299 -0.00751232 -0.00895922 -0.0103235 -0.0116831
11.405 -0.00215911 -0.00465683 -0.00756217 -0.00902406 -0.0104063 -0.0117934
11.505 -0.00217011 -0.00468184 -0.00760685 -0.00908226 -0.0104819 -0.011901
11.605 -0.0021812 -0.00470736 -0.00765175 -0.00913956 -0.0105528 -0.0119926
11.705 -0.00219255 -0.00473328 -0.0076969 -0.00919576 -0.0106204 -0.0120772
11.805 -0.00220385 -0.00475875 -0.00773941 -0.00924765 -0.0106822 -0.0121545
11.905 -0.00221516 -0.00478341 -0.00777914 -0.00929548 -0.0107387 -0.0122238
12.005 -0.00222606 -0.00480772 -0.0078183 -0.00934278 -0.0107945 -0.0122891
12.105 -0.00223673 -0.00483195 -0.0078589 -0.00939193 -0.0108522 -0.0123566
12.205 -0.00224623 -0.00485369 -0.00789612 -0.00943753 -0.0109067 -0.0124231
12.305 -0.0022552 -0.00487493 -0.00793351 -0.00948375 -0.0109623 -0.0124906
12.405 -0.0022637 -0.00489429 -0.00796893 -0.00952982 -0.0110208 -0.0125656
12.505 -0.00227288 -0.00491426 -0.00800374 -0.00957381 -0.0110747 -0.0126318
12.605 -0.00228116 -0.00493345 -0.00803689 -0.00961521 -0.0111249 -0.012694
12.705 -0.00228973 -0.00495179 -0.00806823 -0.00965438 -0.0111725 -0.0127528
12.805 -0.00229771 -0.00497035 -0.00810005 -0.00969303 -0.0112183 -0.0128081
12.905 -0.0023051 -0.00498713 -0.00812913 -0.00972904 -0.0112616 -0.0128612
13.005 -0.00231238 -0.00500318 -0.00815633 -0.00976264 -0.011302 -0.0129101
13.105 -0.00231934 -0.00501934 -0.00818452 -0.00979745 -0.0113434 -0.0129597
13.205 -0.00232599 -0.00503528 -0.00821402 -0.00983503 -0.0113889 -0.0130138
13.305 -0.00233223 -0.00505087 -0.00824419 -0.00987411 -0.0114372 -0.0130714
13.405 -0.00233817 -0.00506656 -0.00827483 -0.0099136 -0.0114856 -0.0131297
13.505 -0.00234382 -0.00508104 -0.00830395 -0.00995235 -0.0115348 -0.0131907
13.605 -0.00234998 -0.00509619 -0.00833329 -0.00999095 -0.0115834 -0.0132516
13.705 -0.00235688 -0.00511164 -0.00836036 -0.0100251 -0.0116251 -0.0133043
13.805 -0.00236386 -0.0051269 -0.00838553 -0.010056 -0.0116621 -0.0133503
13.905 -0.00237084 -0.00514148 -0.00840904 -0.0100846 -0.0116958 -0.0133912
14.005 -0.00237736 -0.00515572 -0.0084319 -0.0101117 -0.0117274 -0.0134289
14.105 -0.00238361 -0.00517002 -0.00845647 -0.0101416 -0.0117625 -0.0134695
14.205 -0.00239047 -0.00518549 -0.00848305 -0.010174 -0.0118008 -0.0135132
14.305 -0.00239477 -0.00519728 -0.00850778 -0.0102073 -0.0118435 -0.0135659
14.405 -0.00239859 -0.00520887 -0.00853388 -0.0102428 -0.0118889 -0.0136234
14.505 -0.00240353 -0.00522246 -0.0085628 -0.0102816 -0.0119386 -0.0136855
14.605 -0.00240882 -0.00523675 -0.00859213 -0.0103205 -0.0119891 -0.0137485
14.705 -0.00241449 -0.00525145 -0.00862177 -0.0103594 -0.0120371 -0.0138087
14.805 -0.00242085 -0.0052671 -0.00865107 -0.0103967 -0.0120825 -0.0138643
14.905 -0.00242793 -0.00528386 -0.00868128 -0.0104346 -0.0121284 -0.0139188
15.005 -0.00243492 -0.00530025 -0.0087106 -0.0104715 -0.012173 -0.0139728
15.105 -0.00244103 -0.00531535 -0.00873988 -0.0105094 -0.01222 -0.0140299
15.205 -0.00244647 -0.00532966 -0.00876957 -0.0105493 -0.0122708 -0.0140929
15.305 -0.00245264 -0.00534482 -0.0087982 -0.010586 -0.0123161 -0.0141492
15.405 -0.00245903 -0.00535989 -0.00882517 -0.0106203 -0.0123582 -0.0142014
15.505 -0.00246538 -0.00537466 -0.00885158 -0.0106536 -0.0123987 -0.0142514
15.605 -0.0024711 -0.00538873 -0.00887778 -0.010687 -0.0124396 -0.0143013
15.705 -0.00247637 -0.00540184 -0.00890305 -0.0107197 -0.0124803 -0.0143512
15.805 -0.0024813 -0.00541413 -0.00892679 -0.0107508 -0.0125194 -0.0144004
15.905 -0.00248621 -0.00542651 -0.00895105 -0.0107824 -0.0125599 -0.0144519
16.005 -0.00249116 -0.00543938 -0.0089766 -0.0108159 -0.0126024 -0.0145048
16.105 -0.00249646 -0.00545264 -0.00900225 -0.0108493 -0.0126436 -0.0145557
16.205 -0.00250156 -0.00546588 -0.00902869 -0.0108841 -0.0126874 -0.0146094
16.305 -0.00250663 -0.00547901 -0.00905496 -0.0109186 -0.012731 -0.0146635
16.405 -0.00251191 -0.00549214 -0.00908029 -0.0109514 -0.0127717 -0.0147144
16.505 -0.00251738 -0.005505 -0.009104 -0.0109818 -0.0128092 -0.0147614
16.605 -0.00252301 -0.00551803 -0.00912654 -0.0110097 -0.0128427 -0.0148026
16.705 -0.0025288 -0.00553075 -0.00914755 -0.0110352 -0.0128725 -0.0148381
16.805 -0.00253453 -0.00554343 -0.00916776 -0.0110592 -0.0129001 -0.0148703
16.905 -0.00253969 -0.00555436 -0.00918565 -0.0110809 -0.0129261 -0.0149019
17.005 -0.00254431 -0.00556465 -0.0092029 -0.0111022 -0.0129515 -0.0149326
17.105 -0.0025488 -0.00557463 -0.00922004 -0.0111235 -0.012977 -0.0149629
17.205 -0.00255282 -0.00558395 -0.00923639 -0.0111442 -0.0130023 -0.0149933
17.305 -0.00255673 -0.00559318 -0.00925372 -0.0111661 -0.0130291 -0.0150257
17.405 -0.00256078 -0.00560274 -0.00927126 -0.0111884 -0.0130561 -0.0150582
17.505 -0.00256504 -0.00561245 -0.0092876 -0.0112083 -0.0130796 -0.0150864
17.605 -0.00256941 -0.00562187 -0.00930311 -0.0112271 -0.0131017 -0.0151123
17.705 -0.00257326 -0.00563051 -0.00931761 -0.0112448 -0.0131224 -0.0151365
17.805 -0.00257689 -0.00563857 -0.00933115 -0.0112615 -0.0131422 -0.0151603
17.905 -0.00258035 -0.00564632 -0.0093443 -0.0112778 -0.0131618 -0.0151839
18.005 -0.00258352 -0.00565437 -0.00935955 -0.0112973 -0.0131857 -0.0152119
18.105 -0.00258618 -0.00566191 -0.00937498 -0.0113177 -0.0132115 -0.0152434
18.205 -0.00258911 -0.00566934 -0.00938955 -0.0113365 -0.0132344 -0.0152717
18.305 -0.00259262 -0.00567741 -0.0094035 -0.0113536 -0.0132546 -0.0152961
18.405 -0.00259634 -0.00568533 -0.0094161 -0.0113686 -0.0132721 -0.0153171
18.505 -0.00259984 -0.00569285 -0.00942792 -0.0113825 -0.0132878 -0.0153353
18.605 -0.00260311 -0.00569978 -0.00943867 -0.011395 -0.0133019 -0.0153515
18.705 -0.00260605 -0.00570605 -0.00944846 -0.0114065 -0.013315 -0.0153665
18.805 -0.00260876 -0.00571168 -0.00945714 -0.0114167 -0.0133266 -0.0153798
18.905 -0.00261116 -0.0057166 -0.00946483 -0.0114258 -0.013337 -0.0153919
19.005 -0.00261335 -0.00572114 -0.00947177 -0.0114339 -0.0133461 -0.0154024
19.105 -0.00261534 -0.00572525 -0.00947795 -0.011441 -0.0133542 -0.0154117
19.205 -0.00261712 -0.0057289 -0.00948346 -0.0114474 -0.0133614 -0.0154199
19.305 -0.00261866 -0.0057322 -0.00948831 -0.011453 -0.0133678 -0.0154275
19.405 -0.00262015 -0.00573541 -0.00949321 -0.0114588 -0.0133744 -0.0154352
19.505 -0.00262153 -0.0057383 -0.00949805 -0.0114649 -0.0133819 -0.0154442
19.605 -0.00262289 -0.00574154 -0.00950402 -0.0114726 -0.0133914 -0.0154558
19.705 -0.00262417 -0.00574499 -0.00951107 -0.0114819 -0.0134032 -0.01547
19.805 -0.00262529 -0.00574839 -0.00951863 -0.0114921 -0.013416 -0.0154857
19.905 -0.00262652 -0.00575221 -0.00952707 -0.0115033 -0.0134301 -0.0155026
20.005 -0.00262793 -0.00575611 -0.00953569 -0.0115147 -0.0134441 -0.0155198
20.105 -0.00262971 -0.00576076 -0.00954445 -0.0115258 -0.0134577 -0.0155363
20.205 -0.00263179 -0.00576573 -0.00955353 -0.0115372 -0.0134713 -0.0155523
20.305 -0.00263376 -0.00577056 -0.00956249 -0.0115485 -0.0134849 -0.0155685
20.405 -0.00263562 -0.00577502 -0.00957113 -0.0115597 -0.0134986 -0.015585
20.505 -0.00263742 -0.00577963 -0.00957982 -0.0115708 -0.0135122 -0.0156017
20.605 -0.00263927 -0.00578396 -0.00958808 -0.0115815 -0.0135253 -0.0156177
20.705 -0.00264107 -0.00578833 -0.00959596 -0.0115915 -0.0135376 -0.0156328
20.805 -0.00264279 -0.0057926 -0.00960369 -0.0116013 -0.0135497 -0.0156477
20.905 -0.00264457 -0.0057968 -0.00961184 -0.0116118 -0.0135626 -0.0156635
21.005 -0.00264637 -0.00580132 -0.00962038 -0.0116227 -0.013576 -0.01568
21.105 -0.00264839 -0.00580608 -0.0096287 -0.0116329 -0.0135882 -0.0156949
21.205 -0.00265047 -0.0058108 -0.00963682 -0.0116428 -0.0135997 -0.0157086
21.305 -0.00265245 -0.00581529 -0.00964429 -0.0116518 -0.0136102 -0.0157211
21.405 -0.00265433 -0.00581927 -0.0096509 -0.0116599 -0.0136198 -0.0157325
21.505 -0.00265612 -0.00582302 -0.00965679 -0.011667 -0.0136282 -0.0157425
21.605 -0.00265775 -0.00582648 -0.00966212 -0.0116734 -0.0136355 -0.0157513
21.705 -0.00265927 -0.00582965 -0.00966697 -0.0116791 -0.013642 -0.015759
21.805 -0.00266066 -0.00583253 -0.00967134 -0.0116842 -0.0136478 -0.0157656
21.905 -0.00266193 -0.00583514 -0.00967526 -0.0116887 -0.0136529 -0.0157714
22.005 -0.00266301 -0.0058375 -0.00967897 -0.011693 -0.0136578 -0.015777
22.105 -0.00266384 -0.00583947 -0.00968238 -0.0116972 -0.0136628 -0.0157829
22.205 -0.00266452 -0.00584119 -0.00968562 -0.0117013 -0.0136679 -0.0157891
22.305 -0.00266512 -0.0058428 -0.00968888 -0.0117057 -0.0136733 -0.0157958
22.405 -0.00266571 -0.00584442 -0.00969217 -0.0117101 -0.013679 -0.0158029
22.505 -0.00266619 -0.0058459 -0.00969535 -0.0117143 -0.0136842 -0.0158094
22.605 -0.00266693 -0.00584758 -0.00969819 -0.0117179 -0.0136886 -0.0158148
22.705 -0.00266771 -0.00584925 -0.00970087 -0.0117211 -0.0136923 -0.0158193
22.805 -0.00266849 -0.00585088 -0.00970332 -0.011724 -0.0136956 -0.0158231
22.905 -0.00266914 -0.00585234 -0.0097056 -0.0117267 -0.0136988 -0.015827
23.005 -0.00266954 -0.0058535 -0.00970784 -0.0117295 -0.0137022 -0.015831
23.105 -0.00266988 -0.00585455 -0.00971008 -0.0117324 -0.0137059 -0.0158355
23.205 -0.00267001 -0.00585547 -0.00971238 -0.0117355 -0.0137098 -0.0158403
23.305 -0.0026701 -0.00585631 -0.00971469 -0.0117388 -0.0137142 -0.0158458
23.405 -0.0026702 -0.00585729 -0.0097174 -0.0117427 -0.0137195 -0.0158528
23.505 -0.00267024 -0.00585816 -0.00972059 -0.0117476 -0.0137262 -0.0158615
23.605 -0.00267028 -0.00585924 -0.00972437 -0.0117532 -0.0137339 -0.0158716
23.705 -0.00267041 -0.00586062 -0.00972886 -0.0117597 -0.0137427 -0.015883
23.805 -0.00267089 -0.00586269 -0.00973481 -0.0117682 -0.0137541 -0.0158974
23.905 -0.0026714 -0.00586505 -0.0097416 -0.011778 -0.0137673 -0.0159139
24.005 -0.00267205 -0.00586767 -0.00974892 -0.0117885 -0.0137813 -0.0159318
24.105 -0.00267292 -0.00587082 -0.0097567 -0.0117994 -0.0137957 -0.01595
24.205 -0.00267413 -0.00587424 -0.00976447 -0.0118101 -0.0138094 -0.0159678
24.305 -0.00267553 -0.00587798 -0.00977234 -0.0118205 -0.0138227 -0.0159847
24.405 -0.0026772 -0.00588212 -0.0097804 -0.0118308 -0.0138355 -0.0160008
24.505 -0.00267888 -0.00588614 -0.00978809 -0.0118408 -0.0138478 -0.016016
24.605 -0.00268058 -0.00589019 -0.00979536 -0.0118499 -0.0138587 -0.0160294
24.705 -0.00268248 -0.00589429 -0.00980199 -0.0118578 -0.013868 -0.0160406
24.805 -0.00268434 -0.00589819 -0.00980803 -0.0118649 -0.0138762 -0.0160501
24.905 -0.00268608 -0.00590182 -0.00981352 -0.0118713 -0.0138834 -0.0160585
25.005 -0.00268759 -0.00590501 -0.00981847 -0.0118771 -0.0138901 -0.0160663
25.105 -0.00268882 -0.00590777 -0.00982296 -0.0118825 -0.0138963 -0.0160734
25.205 -0.00269 -0.0059102 -0.00982676 -0.0118872 -0.0139019 -0.0160802
25.305 -0.00269105 -0.00591247 -0.00983076 -0.0118923 -0.0139081 -0.0160875
25.405 -0.0026919 -0.00591481 -0.00983536 -0.0118983 -0.0139157 -0.0160967
25.505 -0.00269271 -0.00591711 -0.00984059 -0.0119054 -0.0139247 -0.0161075
25.605 -0.0026932 -0.00591923 -0.00984687 -0.0119144 -0.013937 -0.0161228
25.705 -0.00269368 -0.00592169 -0.00985408 -0.011925 -0.0139512 -0.0161409
25.805 -0.00269451 -0.00592477 -0.00986191 -0.0119362 -0.013966 -0.0161596
25.905 -0.0026958 -0.00592855 -0.00987045 -0.0119478 -0.0139809 -0.016178
26.005 -0.00269736 -0.00593277 -0.0098792 -0.0119594 -0.0139955 -0.0161959
26.105 -0.00269895 -0.00593697 -0.00988795 -0.0119712 -0.0140104 -0.0162142
26.205 -0.00270042 -0.00594125 -0.00989697 -0.0119834 -0.0140259 -0.0162332
26.305 -0.0027021 -0.0059458 -0.0099067 -0.0119965 -0.0140424 -0.0162535
26.405 -0.00270383 -0.00595058 -0.00991637 -0.0120091 -0.0140582 -0.016273
26.505 -0.00270572 -0.00595543 -0.00992576 -0.0120212 -0.0140731 -0.0162912
26.605 -0.00270769 -0.00596023 -0.00993469 -0.0120327 -0.0140872 -0.0163085
26.705 -0.00270963 -0.00596487 -0.00994303 -0.0120433 -0.0141003 -0.0163247
26.805 -0.00271147 -0.00596925 -0.00995097 -0.0120534 -0.0141127 -0.01634
26.905 -0.00271326 -0.00597345 -0.00995865 -0.0120633 -0.0141248 -0.0163546
27.005 -0.00271496 -0.00597757 -0.00996648 -0.0120734 -0.0141373 -0.0163697
27.105 -0.00271635 -0.00598142 -0.00997448 -0.0120839 -0.0141505 -0.016386
27.205 -0.00271765 -0.00598514 -0.00998273 -0.0120951 -0.0141646 -0.0164034
27.305 -0.00271887 -0.00598895 -0.00999141 -0.0121069 -0.0141799 -0.0164224
27.405 -0.00272018 -0.00599294 -0.0100005 -0.0121194 -0.0141959 -0.0164425
27.505 -0.00272174 -0.00599728 -0.0100096 -0.0121314 -0.0142112 -0.0164617
27.605 -0.00272354 -0.00600185 -0.0100182 -0.0121426 -0.0142251 -0.0164792
27.705 -0.00272563 -0.00600649 -0.0100262 -0.0121526 -0.0142371 -0.0164942
27.805 -0.00272777 -0.00601105 -0.0100336 -0.0121616 -0.0142477 -0.0165069
27.905 -0.00272976 -0.00601543 -0.0100406 -0.0121698 -0.014257 -0.0165177
28.005 -0.00273162 -0.00601944 -0.0100468 -0.0121771 -0.0142653 -0.0165273
28.105 -0.00273337 -0.00602303 -0.0100523 -0.0121835 -0.0142728 -0.0165361
28.205 -0.0027349 -0.00602619 -0.0100571 -0.0121893 -0.0142794 -0.0165438
28.305 -0.0027363 -0.00602908 -0.0100615 -0.0121944 -0.0142852 -0.0165507
28.405 -0.00273757 -0.00603169 -0.0100655 -0.012199 -0.0142904 -0.0165566
28.505 -0.0027387 -0.00603403 -0.010069 -0.0122031 -0.0142949 -0.0165618
28.605 -0.00273972 -0.00603609 -0.0100721 -0.0122067 -0.0142991 -0.0165665
28.705 -0.0027406 -0.00603791 -0.0100748 -0.0122099 -0.0143027 -0.0165707
28.805 -0.0027414 -0.00603955 -0.0100773 -0.0122127 -0.0143059 -0.0165743
28.905 -0.00274212 -0.00604101 -0.0100795 -0.0122153 -0.0143087 -0.0165775
29.005 -0.00274275 -0.00604231 -0.0100814 -0.0122175 -0.0143112 -0.0165804
29.105 -0.00274331 -0.00604347 -0.0100832 -0.0122195 -0.0143135 -0.0165829
29.205 -0.00274372 -0.00604429 -0.0100848 -0.0122215 -0.0143157 -0.0165854
29.305 -0.00274407 -0.00604506 -0.0100862 -0.0122232 -0.0143179 -0.016588
29.405 -0.00274443 -0.00604584 -0.0100874 -0.0122248 -0.0143197 -0.0165903
29.505 -0.00274478 -0.00604659 -0.0100886 -0.0122261 -0.0143212 -0.0165921
29.605 -0.00274512 -0.00604728 -0.0100897 -0.0122274 -0.0143226 -0.0165937
29.705 -0.00274542 -0.0060479 -0.0100906 -0.0122285 -0.0143239 -0.0165951
29.805 -0.00274569 -0.00604846 -0.0100914 -0.0122294 -0.0143249 -0.0165963
29.905 -0.00274593 -0.00604896 -0.0100922 -0.0122303 -0.0143259 -0.0165974
30.005 -0.00274615 -0.0060494 -0.0100928 -0.012231 -0.0143268 -0.0165984
30.105 -0.00274634 -0.00604979 -0.0100934 -0.0122317 -0.0143275 -0.0165992
30.205 -0.00274651 -0.00605013 -0.0100939 -0.0122323 -0.0143282 -0.0166
30.305 -0.00274665 -0.00605042 -0.0100944 -0.0122328 -0.0143288 -0.0166008
30.405 -0.00274678 -0.00605068 -0.0100947 -0.0122332 -0.0143293 -0.0166015
30.505 -0.00274689 -0.00605091 -0.0100951 -0.0122336 -0.0143298 -0.0166021
30.605 -0.00274699 -0.00605112 -0.0100954 -0.012234 -0.0143302 -0.0166026
30.705 -0.00274708 -0.00605131 -0.0100957 -0.0122344 -0.0143306 -0.016603
30.805 -0.00274716 -0.00605148 -0.010096 -0.0122346 -0.0143309 -0.0166034
30.905 -0.00274724 -0.00605163 -0.0100962 -0.0122349 -0.0143312 -0.0166037
31.005 -0.00274731 -0.00605176 -0.0100964 -0.0122351 -0.0143315 -0.016604
31.105 -0.00274736 -0.00605188 -0.0100966 -0.0122354 -0.0143317 -0.0166043
31.205 -0.00274742 -0.00605199 -0.0100967 -0.0122355 -0.0143319 -0.0166045
31.305 -0.00274746 -0.00605209 -0.0100969 -0.0122357 -0.0143321 -0.0166047
31.405 -0.0027475 -0.00605217 -0.010097 -0.0122358 -0.0143323 -0.0166049
31.505 -0.00274754 -0.00605224 -0.0100971 -0.012236 -0.0143324 -0.0166051
31.605 -0.00274757 -0.00605231 -0.0100972 -0.0122361 -0.0143325 -0.0166052
31.705 -0.0027476 -0.00605237 -0.0100973 -0.0122362 -0.0143326 -0.0166053
31.805 -0.00274762 -0.00605242 -0.0100974 -0.0122363 -0.0143327 -0.0166054
31.905 -0.00274765 -0.00605246 -0.0100974 -0.0122364 -0.0143328 -0.0166055
32.005 -0.00274767 -0.0060525 -0.0100975 -0.0122364 -0.0143329 -0.0166056
32.105 -0.00274768 -0.00605254 -0.0100975 -0.0122365 -0.014333 -0.0166057
32.205 -0.0027477 -0.00605257 -0.0100976 -0.0122365 -0.014333 -0.0166058
32.305 -0.00274771 -0.0060526 -0.0100976 -0.0122366 -0.0143331 -0.0166058
32.405 -0.00274773 -0.00605262 -0.0100977 -0.0122366 -0.0143331 -0.0166059
