0.005 3.54761e-14 -0.00022896 2.8009e-07
0.105 4.61092e-12 -0.000228964 3.78027e-06
0.205 8.23349e-12 -0.000228971 1.38489e-06
0.305 -1.10294e-11 -0.000228979 -7.49344e-07
0.405 -8.90788e-12 -0.000228984 1.88647e-06
0.505 -7.89433e-12 -0.000228991 -7.19029e-06
0.605 -6.9992e-12 -0.000228999 1.77719e-07
0.705 -5.92381e-12 -0.000229002 -7.27432e-06
0.805 -7.30167e-14 -0.000229003 -1.51926e-05
0.905 -5.31645e-12 -0.000228963 -9.14709e-06
1.005 -3.6972e-12 -0.000228944 5.87612e-06
1.105 -6.11079e-12 -0.000229107 -4.11883e-05
1.205 4.23932e-12 -0.000228982 5.27118e-05
1.305 -5.0361e-12 -0.000228903 -2.73738e-05
1.405 1.82925e-11 -0.000230517 -4.8812e-05
1.505 -3.08113e-11 -0.000231818 0.000100739
1.605 -5.56118e-11 -0.000233923 -0.000157104
1.705 -4.92012e-11 -0.000235954 -2.12402e-05
1.805 -7.51343e-11 -0.000240288 5.10284e-05
1.905 -7.39541e-11 -0.000244129 -5.57165e-05
2.005 -6.05736e-11 -0.000247291 -2.61577e-05
2.105 -1.23458e-10 -0.000250448 4.54782e-05
2.205 -9.71342e-11 -0.000252827 -5.68809e-05
2.305 -1.04263e-10 -0.00025496 1.80919e-05
2.405 -1.05451e-10 -0.000257465 8.68756e-05
2.505 -1.49071e-10 -0.000260269 -7.0069e-05
2.605 -1.00842e-10 -0.000262647 9.47609e-05
2.705 -2.1327e-10 -0.000265143 -0.000162919
2.805 -1.82573e-10 -0.000267527 0.000125978
2.905 -9.06907e-11 -0.000270222 9.42057e-05
3.005 -1.86528e-10 -0.000272554 -6.01383e-05
3.105 -1.18021e-10 -0.000276505 0.000280458
3.205 -1.47135e-10 -0.000281524 -5.99238e-05
3.305 -1.53116e-10 -0.000285614 8.58348e-05
3.405 -1.77923e-10 -0.000291803 0.000290557
3.505 -1.69103e-10 -0.000298289 -1.03559e-05
3.605 -1.43449e-10 -0.000305676 8.37829e-05
3.705 -1.67793e-10 -0.00031225 0.00018292
3.805 -1.19973e-10 -0.000321145 -0.000560383
3.905 -9.09965e-11 -0.000326778 -0.000245621
4.005 9.24167e-11 -0.000339366 0.000633381
4.105 5.44996e-11 -0.000350406 0.000377699
4.205 5.01906e-11 -0.000359249 0.000258988
4.305 6.62251e-11 -0.00036693 0.000439248
4.405 -2.81625e-11 -0.000378156 -0.000369135
4.505 -1.94079e-11 -0.000392712 -0.00105716
4.605 -1.27138e-10 -0.000411329 -0.00197744
4.705 -1.12133e-10 -0.000424297 -0.00180215
4.805 -6.54321e-11 -0.000442157 -0.000890933
4.905 -3.06732e-11 -0.000457142 -0.000277859
5.005 -3.14107e-11 -0.000471366 0.000196941
5.105 -3.13181e-11 -0.000483522 0.000388944
5.205 -3.05809e-11 -0.000493721 0.000153903
5.305 -3.05215e-11 -0.000501637 0.000474765
5.405 -4.12365e-11 -0.000513758 -0.000318662
5.505 -4.86782e-11 -0.000523864 -0.000625859
5.605 -3.00565e-10 -0.000533188 -0.00030954
5.705 -2.81878e-10 -0.000541514 0.000278642
5.805 4.33736e-11 -0.000549994 -0.000248987
5.905 5.35953e-11 -0.000558118 -0.000417314
6.005 8.45792e-11 -0.000565332 -0.000189297
6.105 4.37321e-11 -0.000574234 -0.000792727
6.205 6.98098e-11 -0.000583222 -0.00101533
6.305 5.0829e-11 -0.000595837 -0.000432638
6.405 -1.3614e-11 -0.000607153 0.000599757
6.505 -4.36529e-11 -0.000617449 0.000908194
6.605 -4.69209e-11 -0.000631021 0.000518926
6.705 -5.01988e-11 -0.000641035 0.000599591
6.805 -1.90504e-11 -0.000650437 0.000639401
6.905 1.90482e-11 -0.000662684 -0.000392066
7.005 -3.14231e-11 -0.000673244 -0.00178143
7.105 -2.60789e-11 -0.000689359 -0.00154621
7.205 -2.2342e-11 -0.000708831 -0.00110088
7.305 -2.86788e-11 -0.000719376 -0.00123475
7.405 -2.00779e-11 -0.000730298 -0.00133732
7.505 -2.08905e-11 -0.000739553 -0.00131831
7.605 -2.16487e-11 -0.000750065 -0.00086689
7.705 -1.09135e-11 -0.000760266 -0.000204487
7.805 -9.54169e-12 -0.00076949 -0.000532344
7.905 -9.00981e-12 -0.000776921 -0.000706459
8.005 -3.76041e-12 -0.000786211 0.000135049
8.105 -4.67866e-12 -0.000796333 0.000850468
8.205 -7.09297e-12 -0.000807388 0.000475064
8.305 2.5488e-10 -0.000818358 0.00014622
8.405 2.60479e-12 -0.000827909 0.000569385
8.505 -6.7285e-11 -0.000836193 0.000682941
8.605 -3.9906e-11 -0.000846236 0.000164234
8.705 -5.19194e-11 -0.000854642 -0.000651417
8.805 -4.37548e-11 -0.000864324 -0.00110787
8.905 -4.00057e-11 -0.000875471 -0.000949511
9.005 -3.40022e-11 -0.000888355 -6.25888e-05
9.105 -2.87981e-11 -0.000894935 -0.000190271
9.205 -2.49103e-11 -0.000904851 -0.000255447
9.305 -2.67527e-11 -0.000913459 -0.000302734
9.405 -2.92757e-11 -0.000922145 -8.19926e-05
9.505 -2.9164e-11 -0.000932318 0.000376663
9.605 -2.74696e-11 -0.000941696 0.000136567
9.705 -2.16273e-11 -0.000949408 -0.000292687
9.805 -1.73469e-11 -0.000956955 -0.000317882
9.905 -1.47198e-11 -0.000964745 -0.000269871
10.005 -1.39409e-11 -0.000972861 -0.000237304
10.105 -2.09973e-11 -0.000979999 -2.0754e-05
10.205 -2.31827e-11 -0.000985462 -0.000221064
10.305 -1.36313e-11 -0.00099097 -0.000298436
10.405 -1.23463e-11 -0.000997131 -3.22649e-05
10.505 -2.07901e-11 -0.00100234 2.25353e-05
10.605 -2.79199e-11 -0.00100808 -6.15399e-05
10.705 -1.44145e-11 -0.00101367 9.0186e-06
10.805 -1.30466e-11 -0.00101954 -0.000202132
10.905 -1.74707e-11 -0.00102456 -0.000293155
11.005 -1.81682e-11 -0.00102999 6.04436e-07
11.105 -1.08633e-12 -0.00103469 -1.68042e-06
11.205 -2.4196e-11 -0.00103973 -0.000265775
11.305 -2.93122e-11 -0.0010448 -0.000238731
11.405 -2.805e-11 -0.00105003 -9.73002e-05
11.505 -2.66906e-11 -0.00105524 -0.000178274
11.605 -2.57784e-11 -0.00106057 -7.81746e-05
11.705 -2.49225e-11 -0.00106597 -5.034e-05
11.805 -2.49812e-11 -0.00107128 -0.000145933
11.905 -2.50724e-11 -0.00107672 -1.96074e-05
12.005 -2.46353e-11 -0.0010819 -3.21764e-05
12.105 -2.44692e-11 -0.00108688 -0.000248729
12.205 -2.47284e-11 -0.00109136 -7.31147e-05
12.305 -2.51871e-11 -0.00109561 -0.000110184
12.405 -2.46249e-11 -0.00109974 -0.000293116
12.505 -2.51925e-11 -0.00110415 -0.000118825
12.605 -2.4658e-11 -0.001108 -0.000160002
12.705 -2.47064e-11 -0.00111213 -2.77757e-05
12.805 -2.47499e-11 -0.00111581 -8.79256e-05
12.905 -2.46212e-11 -0.00111927 -7.67753e-05
13.005 -2.47327e-11 -0.00112276 -0.000157972
13.105 -2.46433e-11 -0.00112602 -0.000157767
13.205 -2.55216e-11 -0.0011291 1.36009e-05
13.305 -6.32105e-11 -0.00113187 -0.000256794
13.405 -1.646e-11 -0.00113447 -2.46298e-05
13.505 -4.71841e-11 -0.0011371 -2.44978e-05
13.605 -1.94136e-11 -0.0011399 -0.000178625
13.705 -2.74706e-11 -0.00114322 -0.000125998
13.805 -2.38631e-11 -0.00114655 -0.000161058
13.905 -2.3372e-11 -0.00114996 -9.55095e-05
14.005 -2.25857e-11 -0.00115311 -0.000174931
14.105 -2.44784e-11 -0.00115609 -0.000276563
14.205 -2.44264e-11 -0.00115929 4.52308e-05
14.305 -2.41844e-11 -0.00116129 -0.000166769
14.405 -2.48559e-11 -0.00116282 -0.000135081
14.505 -2.78911e-11 -0.00116491 0.000112733
14.605 -2.66571e-11 -0.00116733 -0.000162366
14.705 -2.724e-11 -0.00116976 -9.08218e-05
14.805 -2.73246e-11 -0.00117272 -4.1125e-05
14.905 -2.80103e-11 -0.00117612 -0.000262449
15.005 -2.77217e-11 -0.00117938 -1.28591e-05
15.105 -2.87326e-11 -0.00118217 -9.24148e-06
15.205 -7.11772e-12 -0.00118463 -0.000206819
15.305 -3.05017e-11 -0.00118743 -4.81435e-05
15.405 -2.89317e-11 -0.00119044 -0.000188709
15.505 -2.94692e-11 -0.00119342 -9.94047e-05
15.605 -2.92916e-11 -0.001196 -8.12252e-05
15.705 -2.94359e-11 -0.0011984 -0.000131917
15.805 -2.97905e-11 -0.00120063 -7.99634e-05
15.905 -3.07157e-11 -0.0012028 -0.000237541
16.005 -3.45728e-11 -0.00120512 3.51907e-05
16.105 -3.03976e-11 -0.00120746 -0.00013083
16.205 -3.24888e-11 -0.0012098 -0.000191437
16.305 -3.01084e-11 -0.00121207 -3.52155e-05
16.405 -3.3162e-11 -0.00121447 -0.00019583
16.505 -3.28246e-11 -0.00121702 -8.86334e-05
16.605 -3.28883e-11 -0.00121972 -0.000144915
16.705 -3.3162e-11 -0.00122246 -0.000104656
16.805 -3.30584e-11 -0.00122517 -4.08613e-05
16.905 -3.3316e-11 -0.00122768 -0.000134382
17.005 -3.3642e-11 -0.00122988 -0.000164365
17.105 -3.3929e-11 -0.00123202 -1.65545e-05
17.205 -3.43786e-11 -0.00123391 -0.000183044
17.305 -3.47052e-11 -0.00123569 -0.00021537
17.405 -3.52053e-11 -0.00123764 -5.48097e-05
17.505 -3.49656e-11 -0.00123968 -6.25934e-05
17.605 -3.55989e-11 -0.0012418 -0.000164215
17.705 -3.53458e-11 -0.00124362 -6.82985e-05
17.805 -3.4644e-11 -0.00124533 -0.000194261
17.905 -3.49721e-11 -0.001247 -9.37863e-05
18.005 -3.67586e-11 -0.00124846 -1.40192e-06
18.105 -3.72106e-11 -0.00124959 -0.000193687
18.205 -3.67752e-11 -0.00125092 -8.63203e-05
18.305 -3.74193e-11 -0.00125261 -0.000101851
18.405 -4.34133e-11 -0.00125442 -9.14614e-05
18.505 -4.13134e-11 -0.0012561 -0.000144427
18.605 -3.79042e-11 -0.00125769 -0.000109992
18.705 -3.73838e-11 -0.0012591 -7.87488e-05
18.805 -3.73006e-11 -0.00126042 -0.000126506
18.905 -3.66786e-11 -0.0012616 -0.000109462
19.005 -3.6849e-11 -0.00126267 -0.000106595
19.105 -3.66255e-11 -0.00126364 -9.24331e-05
19.205 -3.67677e-11 -0.00126452 -0.000126348
19.305 -3.6895e-11 -0.00126525 -0.000126479
19.405 -3.69219e-11 -0.00126592 -4.27001e-05
19.505 -3.72915e-11 -0.00126659 -0.000123332
19.605 -3.78568e-11 -0.00126719 -0.000161335
19.705 -3.78636e-11 -0.00126773 -3.79942e-05
19.805 -3.86167e-11 -0.00126817 -0.000199666
19.905 -3.88939e-11 -0.00126865 -3.58008e-05
20.005 -3.90381e-11 -0.00126927 -0.000143438
20.105 -4.00095e-11 -0.00127008 -0.000131703
20.205 -3.86312e-11 -0.00127105 -6.33526e-05
20.305 -4.07895e-11 -0.00127197 -0.000198365
20.405 -3.96145e-11 -0.00127286 -6.04412e-05
20.505 -3.95459e-11 -0.00127363 -0.000121653
20.605 -3.93277e-11 -0.00127452 -8.91614e-05
20.705 -3.97308e-11 -0.00127533 -0.000118066
20.805 -3.97748e-11 -0.00127613 -0.000103471
20.905 -3.9976e-11 -0.00127699 -3.79129e-05
21.005 -4.05569e-11 -0.00127781 -0.000194646
21.105 -4.05703e-11 -0.00127875 -9.25745e-05
21.205 -4.0869e-11 -0.00127977 -0.000122748
21.305 -4.15265e-11 -0.00128069 -0.000104115
21.405 -4.07617e-11 -0.00128161 -0.000101997
21.505 -4.04709e-11 -0.00128248 -0.000126649
21.605 -4.04328e-11 -0.00128328 -8.30005e-05
21.705 -4.06761e-11 -0.00128402 -0.000118693
21.805 -4.05722e-11 -0.0012847 -9.90437e-05
21.905 -4.05844e-11 -0.00128531 -8.36079e-05
22.005 -4.07194e-11 -0.00128583 -0.000154715
22.105 -4.06968e-11 -0.00128619 -8.25789e-05
22.205 -4.07093e-11 -0.00128649 -0.000154227
22.305 -4.08398e-11 -0.00128676 -9.77813e-05
22.405 -4.0896e-11 -0.00128701 -0.000111455
22.505 -4.10219e-11 -0.00128723 -0.000113125
22.605 -4.09647e-11 -0.00128759 -9.17654e-05
22.705 -4.09729e-11 -0.00128797 -9.89328e-05
22.805 -4.10936e-11 -0.0012883 -0.000136405
22.905 -4.10756e-11 -0.00128858 -6.90596e-05
23.005 -4.10293e-11 -0.00128875 -0.000138402
23.105 -3.95801e-11 -0.00128889 -9.0923e-05
23.205 -4.14287e-11 -0.00128889 -0.000145044
23.305 -4.10482e-11 -0.00128883 -7.14422e-05
23.405 -4.1524e-11 -0.00128879 -0.000159194
23.505 -4.14122e-11 -0.00128877 -9.4202e-05
23.605 -4.1704e-11 -0.0012887 -0.000141663
23.705 -4.17944e-11 -0.00128867 -0.000111523
23.805 -4.25865e-11 -0.00128887 -5.32333e-05
23.905 -4.32644e-11 -0.00128901 -0.000158484
24.005 -4.32512e-11 -0.00128922 -2.01228e-05
24.105 -4.39603e-11 -0.00128953 -0.000164816
24.205 -4.42684e-11 -0.00129006 -4.72468e-05
24.305 -4.45944e-11 -0.00129069 -0.000170711
24.405 -4.43335e-11 -0.00129147 -8.80187e-05
24.505 -4.44286e-11 -0.00129227 -0.000104635
24.605 -4.45212e-11 -0.00129305 -0.000122356
24.705 -4.47215e-11 -0.00129397 -0.000102753
24.805 -4.43302e-11 -0.00129488 -9.61829e-05
24.905 -4.44827e-11 -0.00129572 -0.000137758
25.005 -4.43831e-11 -0.00129646 -7.23331e-05
25.105 -4.46725e-11 -0.00129702 -0.000114471
25.205 -4.45578e-11 -0.0012976 -8.08887e-05
25.305 -4.47139e-11 -0.00129811 -0.000175799
25.405 -4.49634e-11 -0.00129846 -2.36482e-05
25.505 -4.55812e-11 -0.00129881 -0.000167159
25.605 -4.60925e-11 -0.00129896 -0.000127746
25.705 -4.62553e-11 -0.00129911 -7.73402e-05
25.805 -4.68829e-11 -0.00129941 -0.000182729
25.905 -4.76573e-11 -0.00129995 -2.68261e-05
26.005 -4.76941e-11 -0.00130065 -0.000179933
26.105 -4.77727e-11 -0.00130135 -6.67907e-05
26.205 -4.82203e-11 -0.00130199 -9.33219e-05
26.305 -4.87568e-11 -0.00130272 -0.000164012
26.405 -4.87185e-11 -0.00130349 -6.57788e-05
26.505 -4.94905e-11 -0.00130434 -0.000165366
26.605 -4.91881e-11 -0.00130524 -7.00954e-05
26.705 -4.94407e-11 -0.00130613 -0.000150833
26.805 -4.95385e-11 -0.00130697 -6.48215e-05
26.905 -5.00514e-11 -0.00130779 -0.000165915
27.005 -4.98457e-11 -0.00130856 -3.42218e-05
27.105 -5.0448e-11 -0.00130916 -0.000178534
27.205 -5.05091e-11 -0.00130972 -5.64603e-05
27.305 -5.06697e-11 -0.00131021 -0.000101962
27.405 -5.13905e-11 -0.00131075 -0.000142422
27.505 -5.16739e-11 -0.00131146 -5.62049e-05
27.605 -5.20538e-11 -0.00131227 -0.000151546
27.705 -5.22573e-11 -0.00131328 -0.000103185
27.805 -5.18495e-11 -0.00131432 -0.000130004
27.905 -5.18204e-11 -0.00131529 -8.82289e-05
28.005 -5.21094e-11 -0.00131618 -0.000130258
28.105 -5.2065e-11 -0.00131703 -8.65169e-05
28.205 -5.21579e-11 -0.00131778 -0.00012344
28.305 -5.20795e-11 -0.00131846 -0.000109247
28.405 -5.20509e-11 -0.00131908 -9.61289e-05
28.505 -5.20719e-11 -0.00131964 -0.000118072
28.605 -5.21211e-11 -0.00132014 -0.000113637
28.705 -5.21448e-11 -0.00132057 -0.000112116
28.805 -5.21029e-11 -0.00132096 -0.000110593
28.905 -5.21131e-11 -0.00132131 -0.00011406
29.005 -5.20669e-11 -0.00132163 -0.000105465
29.105 -5.2181e-11 -0.0013219 -0.000128805
29.205 -5.20481e-11 -0.00132211 -0.000103488
29.305 -5.2161e-11 -0.00132225 -0.000107042
29.405 -5.20815e-11 -0.00132243 -0.000112678
29.505 -5.21815e-11 -0.0013226 -9.77419e-05
29.605 -5.22141e-11 -0.00132276 -0.000120722
29.705 -5.21658e-11 -0.00132291 -0.000107809
29.805 -5.21639e-11 -0.00132304 -0.0001013
29.905 -5.21741e-11 -0.00132316 -0.00011917
30.005 -5.21611e-11 -0.00132327 -0.000103941
30.105 -5.21698e-11 -0.00132336 -0.000109587
30.205 -5.22e-11 -0.00132344 -0.00012414
30.305 -5.21207e-11 -0.00132352 -8.73345e-05
30.405 -5.21324e-11 -0.00132358 -0.00012674
30.505 -5.21479e-11 -0.00132363 -9.7232e-05
30.605 -5.2218e-11 -0.00132368 -0.000121298
30.705 -5.21805e-11 -0.00132373 -0.000101893
30.805 -5.21726e-11 -0.00132377 -0.000119711
30.905 -5.21431e-11 -0.0013238 -0.000103072
31.005 -5.21881e-11 -0.00132384 -0.000116868
31.105 -5.21678e-11 -0.00132386 -0.000104445
31.205 -5.2225e-11 -0.00132389 -0.000115533
31.305 -5.21789e-11 -0.00132391 -0.000106061
31.405 -5.22064e-11 -0.00132393 -0.000113417
31.505 -5.21709e-11 -0.00132395 -0.000108009
31.605 -5.21941e-11 -0.00132397 -0.000111892
31.705 -5.21813e-11 -0.00132398 -0.000109512
31.805 -5.21967e-11 -0.00132399 -0.000110161
31.905 -5.21846e-11 -0.001324 -0.000111328
32.005 -5.22007e-11 -0.00132401 -0.00011093
32.105 -5.2186e-11 -0.00132402 -0.000110092
32.205 -5.21938e-11 -0.00132403 -0.000110094
32.305 -5.21871e-11 -0.00132404 -0.000111194
32.405 -5.21937e-11 -0.00132404 -0.000108849
