0.005 -9.94447e-15 -0.000156657 1.19803e-10
0.105 -1.20256e-12 -0.000156661 3.54409e-06
0.205 3.26023e-11 -0.000156661 1.22665e-06
0.305 -3.19874e-11 -0.000156668 -1.35141e-06
0.405 1.16616e-11 -0.000156675 1.61944e-06
0.505 7.28754e-12 -0.000156688 -7.46947e-06
0.605 9.5212e-12 -0.000156693 -5.91132e-07
0.705 8.17738e-12 -0.000156716 -3.42537e-06
0.805 7.32561e-12 -0.000156728 -7.44028e-06
0.905 -6.2309e-11 -0.000156672 -7.36903e-06
1.005 -4.12301e-11 -0.000156695 1.84913e-06
1.105 1.59023e-11 -0.00015685 -4.36956e-05
1.205 -1.87338e-10 -0.000157437 5.56645e-05
1.305 -6.55667e-11 -0.00015834 -2.57475e-05
1.405 -1.5204e-10 -0.00016055 -8.44165e-05
1.505 -1.01289e-09 -0.000164295 0.000120823
1.605 -1.10572e-09 -0.000168334 -0.000156298
1.705 -1.35125e-09 -0.000171579 1.24438e-05
1.805 -1.62681e-09 -0.000174172 4.61282e-05
1.905 -1.59557e-09 -0.000177222 -6.53872e-05
2.005 -1.18031e-09 -0.000180069 -4.42673e-05
2.105 -1.75619e-09 -0.000182452 4.70667e-05
2.205 -1.61668e-09 -0.000184674 -4.1381e-05
2.305 -1.66072e-09 -0.000187223 -6.48705e-06
2.405 -1.71565e-09 -0.00018991 7.28633e-05
2.505 -1.99723e-09 -0.0001923 -0.000114591
2.605 -1.84426e-09 -0.000195029 0.000164666
2.705 -2.45239e-09 -0.000198471 -0.000151955
2.805 -2.57755e-09 -0.00020211 0.000105176
2.905 -2.30546e-09 -0.000208503 0.000146116
3.005 -1.37796e-09 -0.000216695 -0.000127459
3.105 1.58258e-10 -0.000224241 0.000338007
3.205 3.00739e-10 -0.000230949 -8.35526e-05
3.305 2.92777e-10 -0.000237056 7.813e-05
3.405 1.2683e-09 -0.00024274 0.000310655
3.505 9.79741e-10 -0.000248029 -1.65698e-05
3.605 1.0713e-09 -0.000253297 6.37656e-05
3.705 1.41019e-09 -0.000259052 0.000278157
3.805 -1.26792e-09 -0.000268591 -0.0007174
3.905 -1.48253e-10 -0.000280283 -0.000411411
4.005 -1.42629e-09 -0.00029216 0.000593299
4.105 -1.72508e-09 -0.000304732 0.00058092
4.205 -1.49899e-09 -0.000316269 0.000310168
4.305 -1.67183e-09 -0.000326709 0.000622075
4.405 -1.32346e-09 -0.000337748 -0.000235701
4.505 -1.08336e-09 -0.000347676 -0.00108549
4.605 -1.12296e-09 -0.00035549 -0.00211265
4.705 -8.48634e-10 -0.000365929 -0.00260156
4.805 -5.70426e-10 -0.000379054 -0.00170852
4.905 -3.88877e-10 -0.00039436 -0.000460312
5.005 -3.81559e-10 -0.000406755 -0.000442158
5.105 -3.02366e-10 -0.000419172 0.000233108
5.205 -2.5293e-10 -0.000432881 -0.000178466
5.305 -3.09589e-10 -0.000444366 0.000341505
5.405 -2.07241e-10 -0.000455404 -0.000305496
5.505 -1.25223e-10 -0.000469562 -0.00140682
5.605 -3.23266e-09 -0.000484085 -0.00107034
5.705 -2.51142e-09 -0.000498267 0.000168595
5.805 -6.15329e-10 -0.000514165 -0.000315732
5.905 5.01964e-10 -0.000528156 -0.00055226
6.005 6.11838e-10 -0.000541322 -0.000266696
6.105 5.35308e-11 -0.000554152 -0.00109977
6.205 3.01486e-10 -0.000565863 -0.00169344
6.305 2.85938e-10 -0.000579661 -0.00127681
6.405 -2.32926e-10 -0.00059474 0.000445485
6.505 -3.94194e-10 -0.000611063 0.00193042
6.605 -5.58707e-10 -0.000632558 0.00152316
6.705 -8.6932e-10 -0.000646562 0.00138027
6.805 2.13719e-10 -0.000661091 0.00197732
6.905 4.6049e-10 -0.0006835 0.000783956
7.005 3.45401e-10 -0.000697879 -0.00306172
7.105 4.39611e-10 -0.000714497 -0.00369705
7.205 4.65244e-10 -0.000732312 -0.00329752
7.305 4.82857e-10 -0.000756153 -0.00323624
7.405 5.36606e-10 -0.000770827 -0.00329782
7.505 5.88786e-10 -0.000784313 -0.00327618
7.605 5.7406e-10 -0.000795139 -0.00302742
7.705 6.14488e-10 -0.000811474 -0.00151256
7.805 6.11123e-10 -0.000828945 -0.00171094
7.905 6.46252e-10 -0.000844549 -0.00221921
8.005 6.43097e-10 -0.000858676 -0.00141607
8.105 5.76234e-10 -0.000871243 0.000327694
8.205 5.35911e-10 -0.000885242 2.19126e-05
8.305 3.19003e-09 -0.000904762 -0.000322264
8.405 1.91154e-09 -0.000916156 -5.34971e-05
8.505 1.50579e-09 -0.000929487 0.000190034
8.605 2.16036e-09 -0.000947212 -0.000299794
8.705 1.92172e-09 -0.000962686 -0.00130973
8.805 1.94934e-09 -0.000978985 -0.00333534
8.905 1.9969e-09 -0.000997851 -0.00320102
9.005 1.70167e-09 -0.00102292 -0.00224341
9.105 1.48618e-09 -0.00104876 -0.00164754
9.205 1.53898e-09 -0.00106674 -0.00178732
9.305 1.54183e-09 -0.00108023 -0.00181507
9.405 1.48691e-09 -0.00109422 -0.00165576
9.505 1.20522e-09 -0.00110727 -0.000926932
9.605 1.1636e-09 -0.00112241 -0.000841935
9.705 1.23867e-09 -0.0011391 -0.00151001
9.805 1.27988e-09 -0.00115094 -0.00154329
9.905 1.30901e-09 -0.00116326 -0.0015046
10.005 1.32733e-09 -0.00117396 -0.00149916
10.105 1.19349e-09 -0.00118373 -0.00122221
10.205 1.24287e-09 -0.00119317 -0.00142424
10.305 1.31456e-09 -0.00120289 -0.00156275
10.405 1.2302e-09 -0.00121288 -0.00125124
10.505 1.20212e-09 -0.00122133 -0.00116213
10.605 1.30413e-09 -0.00123017 -0.00126876
10.705 1.2624e-09 -0.00123813 -0.00118231
10.805 1.22724e-09 -0.00124691 -0.00140487
10.905 1.27617e-09 -0.00125544 -0.00155373
11.005 1.23851e-09 -0.00126406 -0.0012042
11.105 1.3212e-09 -0.00127295 -0.00116334
11.205 1.17612e-09 -0.0012815 -0.00149292
11.305 1.11868e-09 -0.00128982 -0.00146147
11.405 1.10691e-09 -0.00129814 -0.00129173
11.505 1.13464e-09 -0.00130565 -0.00140854
11.605 1.12472e-09 -0.00131332 -0.00129573
11.705 1.12075e-09 -0.00132104 -0.00125288
11.805 1.13029e-09 -0.00132849 -0.0013634
11.905 1.11712e-09 -0.00133542 -0.00123704
12.005 1.1104e-09 -0.00134246 -0.00122282
12.105 1.13118e-09 -0.00134943 -0.00147613
12.205 1.1106e-09 -0.00135598 -0.00129497
12.305 1.09972e-09 -0.00136247 -0.00130069
12.405 1.1181e-09 -0.00136823 -0.00149755
12.505 1.09324e-09 -0.00137389 -0.0013171
12.605 1.10327e-09 -0.00137965 -0.00138133
12.705 1.08546e-09 -0.00138472 -0.00124125
12.805 1.09044e-09 -0.0013902 -0.00130087
12.905 1.08862e-09 -0.00139517 -0.00128952
13.005 1.09494e-09 -0.00139973 -0.00136237
13.105 1.09443e-09 -0.00140462 -0.00138736
13.205 1.05244e-09 -0.00140966 -0.00116425
13.305 9.59301e-10 -0.00141464 -0.00148825
13.405 9.7057e-10 -0.00142004 -0.00122533
13.505 1.08082e-09 -0.00142496 -0.00122787
13.605 1.08768e-09 -0.00142982 -0.00138797
13.705 1.05602e-09 -0.00143437 -0.00132237
13.805 1.05887e-09 -0.0014387 -0.00135867
13.905 1.0447e-09 -0.00144255 -0.00129662
14.005 1.05776e-09 -0.00144654 -0.00136627
14.105 1.05601e-09 -0.00145088 -0.00149086
14.205 9.99777e-10 -0.00145531 -0.00113758
14.305 1.01951e-09 -0.00145943 -0.00137697
14.405 1.02589e-09 -0.001464 -0.00136888
14.505 9.59792e-10 -0.00146896 -0.00106401
14.605 1.00948e-09 -0.00147394 -0.00137714
14.705 9.98973e-10 -0.00147905 -0.00130296
14.805 9.8977e-10 -0.00148409 -0.00123582
14.905 1.01041e-09 -0.00148915 -0.00147909
15.005 9.7704e-10 -0.0014941 -0.00122757
15.105 9.61749e-10 -0.00149903 -0.00119861
15.205 9.7601e-10 -0.00150387 -0.00142477
15.305 9.5706e-10 -0.00150878 -0.0012395
15.405 9.72401e-10 -0.00151346 -0.00139111
15.505 9.5749e-10 -0.00151795 -0.00130994
15.605 9.46344e-10 -0.00152242 -0.001274
15.705 9.55216e-10 -0.00152673 -0.00135296
15.805 9.40982e-10 -0.00153071 -0.00126883
15.905 9.63055e-10 -0.00153477 -0.00147025
16.005 9.47572e-10 -0.00153907 -0.00115801
16.105 9.49192e-10 -0.00154341 -0.00133288
16.205 9.33436e-10 -0.00154787 -0.00141862
16.305 8.91933e-10 -0.00155225 -0.00122676
16.405 9.26808e-10 -0.00155658 -0.00141683
16.505 9.09926e-10 -0.00156058 -0.00129502
16.605 9.15961e-10 -0.00156455 -0.00135959
16.705 9.12271e-10 -0.00156818 -0.00131418
16.805 9.05656e-10 -0.00157173 -0.00125463
16.905 9.13403e-10 -0.00157468 -0.00134158
17.005 9.15729e-10 -0.00157766 -0.00137418
17.105 8.87614e-10 -0.0015806 -0.00122284
17.205 9.06158e-10 -0.00158335 -0.00138394
17.305 9.08656e-10 -0.00158614 -0.00142737
17.405 8.8201e-10 -0.00158909 -0.00127248
17.505 8.8278e-10 -0.00159195 -0.001273
17.605 8.94343e-10 -0.00159459 -0.00138013
17.705 8.78192e-10 -0.00159706 -0.00126973
17.805 9.0842e-10 -0.00159932 -0.00139844
17.905 8.87743e-10 -0.00160157 -0.00131159
18.005 8.55404e-10 -0.00160423 -0.00119554
18.105 8.8242e-10 -0.00160687 -0.00140809
18.205 8.65161e-10 -0.00160936 -0.00129327
18.305 8.64638e-10 -0.00161184 -0.00131535
18.405 8.53817e-10 -0.001614 -0.00129815
18.505 8.54382e-10 -0.00161606 -0.0013534
18.605 8.70381e-10 -0.00161793 -0.00131958
18.705 8.63277e-10 -0.00161962 -0.00128862
18.805 8.72448e-10 -0.00162109 -0.00133644
18.905 8.75634e-10 -0.00162237 -0.00131855
19.005 8.75445e-10 -0.00162356 -0.00132037
19.105 8.75059e-10 -0.00162462 -0.00130253
19.205 8.76598e-10 -0.00162557 -0.00133145
19.305 8.75951e-10 -0.00162645 -0.00133696
19.405 8.65527e-10 -0.00162725 -0.00125869
19.505 8.71748e-10 -0.00162804 -0.00133112
19.605 8.75157e-10 -0.00162901 -0.00137547
19.705 8.4808e-10 -0.00163016 -0.0012359
19.805 8.70201e-10 -0.00163143 -0.00141269
19.905 8.3935e-10 -0.0016329 -0.00123468
20.005 8.56278e-10 -0.00163432 -0.00135403
20.105 8.49057e-10 -0.0016359 -0.00134453
20.205 8.51205e-10 -0.00163745 -0.00126637
20.305 8.58958e-10 -0.00163898 -0.00140656
20.405 8.42779e-10 -0.00164038 -0.00126658
20.505 8.48121e-10 -0.00164192 -0.00133122
20.605 8.4592e-10 -0.00164327 -0.00129685
20.705 8.50831e-10 -0.00164466 -0.0013243
20.805 8.46864e-10 -0.00164607 -0.00131749
20.905 8.31449e-10 -0.00164739 -0.00124357
21.005 8.50064e-10 -0.00164887 -0.00139699
21.105 8.36129e-10 -0.00165032 -0.00129518
21.205 8.41699e-10 -0.00165173 -0.00133374
21.305 8.4003e-10 -0.00165304 -0.00131391
21.405 8.36696e-10 -0.00165414 -0.00131127
21.505 8.4076e-10 -0.00165514 -0.00133366
21.605 8.35629e-10 -0.00165605 -0.00129193
21.705 8.40854e-10 -0.00165688 -0.00133023
21.805 8.38318e-10 -0.00165763 -0.00131014
21.905 8.35535e-10 -0.00165831 -0.00129169
22.005 8.45118e-10 -0.00165896 -0.00136679
22.105 8.31847e-10 -0.00165956 -0.00128687
22.205 8.43382e-10 -0.00166012 -0.00136129
22.305 8.33683e-10 -0.00166067 -0.00130295
22.405 8.3551e-10 -0.00166124 -0.00132056
22.505 8.3393e-10 -0.00166183 -0.00131967
22.605 8.33696e-10 -0.00166232 -0.00130426
22.705 8.33262e-10 -0.00166278 -0.00130781
22.805 8.39276e-10 -0.0016632 -0.00134824
22.905 8.27372e-10 -0.00166361 -0.00127641
23.005 8.37806e-10 -0.00166403 -0.00134708
23.105 8.27715e-10 -0.00166444 -0.00129763
23.205 8.37484e-10 -0.00166489 -0.00135734
23.305 8.25079e-10 -0.00166535 -0.0012757
23.405 8.36613e-10 -0.00166585 -0.00136955
23.505 8.21818e-10 -0.00166638 -0.00129916
23.605 8.27194e-10 -0.00166707 -0.00134586
23.705 8.22854e-10 -0.00166784 -0.00132587
23.805 8.05955e-10 -0.00166883 -0.0012536
23.905 8.20664e-10 -0.0016699 -0.00137881
24.005 7.8871e-10 -0.00167106 -0.00121805
24.105 8.11535e-10 -0.00167237 -0.00138371
24.205 7.89596e-10 -0.00167366 -0.00125137
24.305 8.08774e-10 -0.001675 -0.00138075
24.405 7.93028e-10 -0.00167637 -0.00129119
24.505 7.97508e-10 -0.00167768 -0.00131327
24.605 7.97906e-10 -0.00167894 -0.00132971
24.705 7.95015e-10 -0.00168009 -0.00131358
24.805 7.94454e-10 -0.00168113 -0.00130187
24.905 8.00301e-10 -0.00168208 -0.00134704
25.005 7.89546e-10 -0.00168292 -0.00127787
25.105 7.9634e-10 -0.00168371 -0.00132793
25.205 7.89085e-10 -0.00168434 -0.00128205
25.305 8.04555e-10 -0.00168497 -0.00138558
25.405 7.72487e-10 -0.00168574 -0.00122649
25.505 7.95492e-10 -0.00168654 -0.00137193
25.605 7.87648e-10 -0.00168758 -0.00133792
25.705 7.63783e-10 -0.00168883 -0.00127854
25.805 7.83289e-10 -0.00169015 -0.00139803
25.905 7.49328e-10 -0.00169156 -0.00123076
26.005 7.71448e-10 -0.00169304 -0.00139116
26.105 7.5093e-10 -0.00169448 -0.00127695
26.205 7.51665e-10 -0.00169607 -0.00129841
26.305 7.5883e-10 -0.00169765 -0.00137612
26.405 7.37029e-10 -0.00169935 -0.00126364
26.505 7.52033e-10 -0.00170101 -0.0013788
26.605 7.31525e-10 -0.00170252 -0.0012697
26.705 7.48275e-10 -0.00170398 -0.00136564
26.805 7.29343e-10 -0.00170533 -0.00126596
26.905 7.45722e-10 -0.0017066 -0.00137954
27.005 7.13695e-10 -0.00170795 -0.0012334
27.105 7.42815e-10 -0.0017093 -0.0013934
27.205 7.14496e-10 -0.00171068 -0.00126473
27.305 7.17075e-10 -0.00171212 -0.00130806
27.405 7.20305e-10 -0.00171364 -0.0013515
27.505 6.99864e-10 -0.00171521 -0.00125919
27.605 7.14559e-10 -0.00171671 -0.00135951
27.705 7.02985e-10 -0.00171806 -0.00130603
27.805 7.1066e-10 -0.00171932 -0.00133865
27.905 7.04286e-10 -0.00172057 -0.00129186
28.005 7.11277e-10 -0.00172167 -0.00133789
28.105 7.02578e-10 -0.00172259 -0.00129074
28.205 7.08581e-10 -0.00172342 -0.0013294
28.305 7.06491e-10 -0.00172417 -0.00131459
28.405 7.0499e-10 -0.00172485 -0.00130397
28.505 7.08101e-10 -0.00172546 -0.00132293
28.605 7.06924e-10 -0.00172598 -0.00131756
28.705 7.0723e-10 -0.00172645 -0.00131715
28.805 7.06731e-10 -0.00172688 -0.00131621
28.905 7.07836e-10 -0.00172725 -0.00132059
29.005 7.064e-10 -0.00172759 -0.00131138
29.105 7.09376e-10 -0.00172788 -0.00133324
29.205 7.06078e-10 -0.00172811 -0.00130717
29.305 7.0626e-10 -0.00172832 -0.00131249
29.405 7.06421e-10 -0.00172854 -0.00131767
29.505 7.03903e-10 -0.00172874 -0.00130309
29.605 7.07344e-10 -0.00172892 -0.0013247
29.705 7.05538e-10 -0.00172909 -0.00131189
29.805 7.04409e-10 -0.00172923 -0.00130648
29.905 7.08065e-10 -0.00172936 -0.00132573
30.005 7.05386e-10 -0.00172947 -0.00131069
30.105 7.05925e-10 -0.00172957 -0.00131338
30.205 7.08547e-10 -0.00172966 -0.00133002
30.305 7.04023e-10 -0.00172973 -0.00129348
30.405 7.09539e-10 -0.0017298 -0.00133284
30.505 7.03995e-10 -0.00172985 -0.00130105
30.605 7.08191e-10 -0.00172991 -0.00132753
30.705 7.04411e-10 -0.00172996 -0.00130644
30.805 7.07843e-10 -0.00173 -0.00132519
30.905 7.04903e-10 -0.00173004 -0.00130734
31.005 7.07114e-10 -0.00173008 -0.0013225
31.105 7.05152e-10 -0.00173011 -0.00130916
31.205 7.06902e-10 -0.00173014 -0.00132092
31.305 7.05368e-10 -0.00173016 -0.00131102
31.405 7.06716e-10 -0.00173018 -0.00131895
31.505 7.05726e-10 -0.0017302 -0.00131295
31.605 7.06509e-10 -0.00173022 -0.00131713
31.705 7.05978e-10 -0.00173023 -0.00131471
31.805 7.06178e-10 -0.00173024 -0.00131533
31.905 7.06213e-10 -0.00173026 -0.00131645
32.005 7.06283e-10 -0.00173027 -0.00131634
32.105 7.0602e-10 -0.00173028 -0.00131524
32.205 7.06182e-10 -0.00173028 -0.00131511
32.305 7.06229e-10 -0.00173029 -0.0013164
32.405 7.05912e-10 -0.0017303 -0.0013139
