0.005 -1.61309e-15 -8.43535e-05 -4.47358e-15
0.105 -2.80431e-10 -8.43558e-05 4.39151e-06
0.205 5.62588e-11 -8.43557e-05 1.27664e-06
0.305 1.57513e-10 -8.43686e-05 -9.5354e-07
0.405 1.00381e-10 -8.43822e-05 6.98952e-07
0.505 1.13429e-10 -8.43991e-05 -8.03861e-06
0.605 1.05376e-10 -8.44318e-05 -2.6677e-06
0.705 1.2863e-10 -8.4451e-05 1.31333e-06
0.805 2.3943e-10 -8.46124e-05 3.84884e-06
0.905 3.48141e-10 -8.48747e-05 -3.40065e-06
1.005 2.64263e-10 -8.50803e-05 1.41468e-06
1.105 2.17175e-10 -8.51755e-05 -4.09435e-05
1.205 -1.00164e-11 -8.6262e-05 3.88188e-05
1.305 -6.03095e-10 -8.8415e-05 -2.38323e-05
1.405 -1.9274e-09 -9.08815e-05 -0.00011532
1.505 -3.43955e-09 -9.51979e-05 0.000142302
1.605 -3.69352e-09 -0.000100397 -0.000104643
1.705 -2.46254e-09 -0.000106902 6.64617e-05
1.805 -2.04768e-09 -0.000111979 5.9851e-05
1.905 -2.31283e-09 -0.000115974 -5.59121e-05
2.005 -2.30588e-09 -0.000120137 -4.93334e-05
2.105 -9.05992e-10 -0.000124924 9.50598e-05
2.205 -1.18398e-09 -0.000129856 -2.9841e-06
2.305 -9.32526e-10 -0.000134091 -1.30528e-05
2.405 7.33913e-12 -0.000137745 7.46885e-05
2.505 -8.01874e-11 -0.000141625 -0.000134573
2.605 2.17077e-09 -0.00014716 0.000221738
2.705 2.03487e-09 -0.000152532 -5.57474e-05
2.805 3.17613e-09 -0.000158522 0.000107083
2.905 3.14279e-09 -0.000162611 0.000165273
3.005 8.28676e-09 -0.000167809 -0.000157018
3.105 1.49686e-08 -0.000173799 0.000347739
3.205 1.55332e-08 -0.000180671 -6.10298e-05
3.305 1.77154e-08 -0.000188718 9.46023e-05
3.405 1.98571e-08 -0.000195975 0.000348139
3.505 1.87291e-08 -0.000202693 3.11521e-05
3.605 1.86657e-08 -0.000208555 4.62217e-05
3.705 1.97096e-08 -0.000214398 0.000300491
3.805 1.45828e-08 -0.000219851 -0.000648722
3.905 1.04473e-08 -0.000228501 -0.000705961
4.005 8.44657e-09 -0.000237298 0.000105256
4.105 6.33783e-09 -0.000244144 0.000734402
4.205 5.66297e-09 -0.000253955 0.000234562
4.305 5.74758e-09 -0.000265591 0.000663515
4.405 5.2307e-09 -0.000276126 -2.11726e-05
4.505 4.13902e-09 -0.000285717 -0.0015397
4.605 3.45039e-09 -0.000294206 -0.00229065
4.705 3.47496e-09 -0.000297452 -0.00320735
4.805 3.53979e-09 -0.00030369 -0.00251703
4.905 3.33052e-09 -0.000311383 -0.00123633
5.005 3.29033e-09 -0.000320913 -0.000424718
5.105 3.25909e-09 -0.000327084 -0.000365404
5.205 3.13465e-09 -0.000338422 -0.000749923
5.305 3.10073e-09 -0.000352664 7.68521e-05
5.405 3.01581e-09 -0.000367005 0.000548946
5.505 2.90028e-09 -0.000385461 -0.0019629
5.605 -3.89942e-10 -0.000399132 -0.00225784
5.705 -3.09261e-09 -0.00041927 -0.000244467
5.805 -1.61741e-09 -0.00043243 0.00153218
5.905 -3.29978e-09 -0.000459822 0.000675898
6.005 -3.67729e-09 -0.000479531 0.000513358
6.105 -4.73653e-09 -0.000501367 0.000116887
6.205 -3.31642e-09 -0.000518127 -0.00181918
6.305 -2.39376e-09 -0.000544538 -0.00257558
6.405 -2.34465e-09 -0.000566159 -0.000164658
6.505 -1.7038e-09 -0.00057138 0.003847
6.605 -3.58735e-09 -0.000573481 0.00514973
6.705 -3.05061e-09 -0.00058671 0.00477565
6.805 -3.09658e-09 -0.000599574 0.00622291
6.905 -3.94849e-09 -0.000611907 0.00537505
7.005 -2.54267e-09 -0.000630968 0.00252039
7.105 -1.10051e-09 -0.000648027 -0.00444604
7.205 -1.25855e-09 -0.000638945 -0.00495858
7.305 -1.4165e-09 -0.000653876 -0.00459433
7.405 -1.32627e-09 -0.000667396 -0.00469641
7.505 -1.26329e-09 -0.000682894 -0.00483151
7.605 -1.2801e-09 -0.000697032 -0.00471607
7.705 -1.8298e-09 -0.00071193 -0.0032833
7.805 -1.92849e-09 -0.000728051 -0.00174455
7.905 -2.10108e-09 -0.000753598 -0.00287836
8.005 -2.01128e-09 -0.000785364 -0.00277721
8.105 -2.5682e-09 -0.000809985 0.000396156
8.205 -2.87231e-09 -0.000829463 0.00215846
8.305 6.4803e-09 -0.000856525 0.0018263
8.405 6.35704e-09 -0.000888361 0.00129312
8.505 4.27217e-09 -0.000918402 0.00218975
8.605 6.05143e-09 -0.000953593 0.00247391
8.705 4.021e-09 -0.000981944 0.000117704
8.805 2.64831e-09 -0.00100352 -0.003423
8.905 1.81115e-09 -0.000988083 -0.00829297
9.005 1.91178e-09 -0.000998226 -0.00793087
9.105 5.11404e-10 -0.00101736 -0.00582413
9.205 7.24587e-10 -0.0010419 -0.00600526
9.305 9.11191e-10 -0.0010615 -0.00606864
9.405 8.61392e-10 -0.00108327 -0.00606033
9.505 4.50473e-10 -0.00110147 -0.00531232
9.605 -1.36095e-10 -0.001118 -0.00414526
9.705 -3.52862e-10 -0.00113961 -0.00506022
9.805 -1.31935e-11 -0.00116361 -0.00582995
9.905 8.26922e-12 -0.00118397 -0.00576119
10.005 2.13666e-11 -0.00120211 -0.00577133
10.105 -4.47714e-11 -0.00122559 -0.00531654
10.205 -1.35261e-10 -0.00124905 -0.00533203
10.305 -1.64379e-10 -0.00127126 -0.00570881
10.405 -2.82408e-10 -0.00129085 -0.0052963
10.505 -3.71685e-10 -0.00131223 -0.00503492
10.605 -6.04006e-10 -0.00132969 -0.00522344
10.705 -3.96717e-10 -0.00134592 -0.00511236
10.805 -4.34084e-10 -0.00136173 -0.00530613
10.905 -4.48594e-10 -0.00137928 -0.00563186
11.005 -9.21691e-10 -0.00139594 -0.00521096
11.105 -7.80082e-10 -0.00141356 -0.00502132
11.205 -8.91849e-10 -0.00143109 -0.00548267
11.305 -8.70809e-10 -0.00144691 -0.00544379
11.405 -9.07958e-10 -0.0014619 -0.00525623
11.505 -9.20977e-10 -0.00147542 -0.0054049
11.605 -9.18188e-10 -0.00148782 -0.00527994
11.705 -9.24081e-10 -0.00149888 -0.00523273
11.805 -9.40531e-10 -0.00150826 -0.00533246
11.905 -9.31755e-10 -0.00151635 -0.00521727
12.005 -9.51787e-10 -0.00152449 -0.00519911
12.105 -1.00572e-09 -0.00153304 -0.00543485
12.205 -1.01761e-09 -0.00154142 -0.00527398
12.305 -1.02059e-09 -0.00155025 -0.00524586
12.405 -1.10937e-09 -0.0015609 -0.00545838
12.505 -1.11493e-09 -0.00157008 -0.00527582
12.605 -1.12801e-09 -0.00157834 -0.00535355
12.705 -1.13181e-09 -0.00158617 -0.00522406
12.805 -1.1527e-09 -0.00159299 -0.00528392
12.905 -1.15813e-09 -0.00159992 -0.00527776
13.005 -1.17905e-09 -0.00160632 -0.00534285
13.105 -1.21196e-09 -0.00161294 -0.00537755
13.205 -1.23081e-09 -0.00162102 -0.0051293
13.305 -1.163e-09 -0.00162993 -0.00545745
13.405 -1.26862e-09 -0.00163879 -0.00520303
13.505 -1.36562e-09 -0.00164841 -0.00519531
13.605 -1.42085e-09 -0.00165768 -0.00535195
13.705 -1.40227e-09 -0.00166473 -0.00527875
13.805 -1.41584e-09 -0.00167047 -0.00530438
13.905 -1.41435e-09 -0.00167555 -0.00525162
14.005 -1.42092e-09 -0.00167983 -0.00531656
14.105 -1.49921e-09 -0.00168511 -0.00543388
14.205 -1.4801e-09 -0.00169094 -0.00510747
14.305 -1.59085e-09 -0.00169958 -0.00533317
14.405 -1.63079e-09 -0.00170891 -0.00534821
14.505 -1.6517e-09 -0.00171878 -0.00502546
14.605 -1.7042e-09 -0.00172841 -0.00533014
14.705 -1.69534e-09 -0.00173765 -0.00526393
14.805 -1.68965e-09 -0.00174567 -0.00519158
14.905 -1.7592e-09 -0.00175337 -0.00542999
15.005 -1.74574e-09 -0.00176089 -0.005212
15.105 -1.75609e-09 -0.00176955 -0.00515
15.205 -1.85725e-09 -0.00177971 -0.00538055
15.305 -1.80544e-09 -0.00178778 -0.00520442
15.405 -1.82093e-09 -0.00179516 -0.00534009
15.505 -1.81093e-09 -0.00180204 -0.00527472
15.605 -1.82091e-09 -0.00180919 -0.00522594
15.705 -1.8613e-09 -0.00181669 -0.00532205
15.805 -1.85364e-09 -0.00182398 -0.00522142
15.905 -1.92567e-09 -0.0018314 -0.00543336
16.005 -1.90945e-09 -0.00183936 -0.00513366
16.105 -1.97988e-09 -0.00184702 -0.00528425
16.205 -2.00193e-09 -0.00185539 -0.00539033
16.305 -1.97773e-09 -0.00186365 -0.00518875
16.405 -2.03786e-09 -0.00187116 -0.00538536
16.505 -2.01495e-09 -0.00187777 -0.00526035
16.605 -2.03311e-09 -0.00188321 -0.00532584
16.705 -2.03003e-09 -0.00188765 -0.00528265
16.805 -2.01523e-09 -0.00189149 -0.00523574
16.905 -2.04401e-09 -0.00189529 -0.00530097
17.005 -2.05228e-09 -0.00189933 -0.00533057
17.105 -2.02912e-09 -0.00190351 -0.00518873
17.205 -2.08163e-09 -0.00190782 -0.00533477
17.305 -2.08694e-09 -0.00191242 -0.00538181
17.405 -2.09156e-09 -0.00191711 -0.00525454
17.505 -2.08011e-09 -0.00192072 -0.00524594
17.605 -2.11618e-09 -0.00192402 -0.00534246
17.705 -2.08895e-09 -0.00192719 -0.00523219
17.805 -2.12284e-09 -0.00193032 -0.00534983
17.905 -2.1153e-09 -0.00193354 -0.00528421
18.005 -2.10988e-09 -0.00193775 -0.0051607
18.105 -2.18379e-09 -0.00194275 -0.00535982
18.205 -2.16087e-09 -0.00194692 -0.00525706
18.305 -2.19076e-09 -0.00195007 -0.00528469
18.405 -2.16016e-09 -0.00195256 -0.00526855
18.505 -2.17326e-09 -0.00195458 -0.00531195
18.605 -2.16901e-09 -0.00195638 -0.00528203
18.705 -2.15996e-09 -0.00195808 -0.00525776
18.805 -2.17125e-09 -0.00195958 -0.00529922
18.905 -2.17122e-09 -0.00196099 -0.00528595
19.005 -2.1728e-09 -0.00196213 -0.00529121
19.105 -2.17056e-09 -0.00196308 -0.00527309
19.205 -2.16994e-09 -0.00196395 -0.00528661
19.305 -2.17677e-09 -0.00196474 -0.00530098
19.405 -2.16431e-09 -0.00196562 -0.00524436
19.505 -2.18655e-09 -0.00196687 -0.00529793
19.605 -2.19793e-09 -0.0019686 -0.00533832
19.705 -2.17871e-09 -0.00197086 -0.00520256
19.805 -2.2256e-09 -0.00197343 -0.00536363
19.905 -2.19992e-09 -0.00197622 -0.00520593
20.005 -2.24699e-09 -0.00197898 -0.00531971
20.105 -2.24759e-09 -0.00198141 -0.00530558
20.205 -2.23139e-09 -0.00198369 -0.00523236
20.305 -2.279e-09 -0.001986 -0.00535595
20.405 -2.24216e-09 -0.00198854 -0.00523497
20.505 -2.27643e-09 -0.00199102 -0.00529487
20.605 -2.26925e-09 -0.00199341 -0.00526432
20.705 -2.27271e-09 -0.00199551 -0.00528668
20.805 -2.28201e-09 -0.00199762 -0.00528856
20.905 -2.27444e-09 -0.00199996 -0.00521722
21.005 -2.32668e-09 -0.00200231 -0.00534379
21.105 -2.2973e-09 -0.00200425 -0.00525273
21.205 -2.31084e-09 -0.00200598 -0.00529754
21.305 -2.30674e-09 -0.00200756 -0.00528447
21.405 -2.30696e-09 -0.00200903 -0.00527663
21.505 -2.31604e-09 -0.00201026 -0.00529207
21.605 -2.30296e-09 -0.00201126 -0.00525977
21.705 -2.31717e-09 -0.00201211 -0.00529342
21.805 -2.31096e-09 -0.00201283 -0.00527672
21.905 -2.3057e-09 -0.00201344 -0.00526138
22.005 -2.32809e-09 -0.00201407 -0.00532489
22.105 -2.30555e-09 -0.00201484 -0.00525505
22.205 -2.33449e-09 -0.00201572 -0.00531725
22.305 -2.31965e-09 -0.00201679 -0.00526684
22.405 -2.32426e-09 -0.00201796 -0.00528136
22.505 -2.32703e-09 -0.00201897 -0.00528001
22.605 -2.32573e-09 -0.00201969 -0.00527316
22.705 -2.3258e-09 -0.00202023 -0.00527294
22.805 -2.33635e-09 -0.00202066 -0.00530776
22.905 -2.32019e-09 -0.00202109 -0.00524755
23.005 -2.34447e-09 -0.00202166 -0.00530466
23.105 -2.33088e-09 -0.00202234 -0.00526023
23.205 -2.35004e-09 -0.00202313 -0.00531833
23.305 -2.34043e-09 -0.00202414 -0.00524739
23.405 -2.36318e-09 -0.00202535 -0.00532336
23.505 -2.34624e-09 -0.00202701 -0.00526542
23.605 -2.3786e-09 -0.00202881 -0.00530438
23.705 -2.38434e-09 -0.00203081 -0.00529367
23.805 -2.38731e-09 -0.00203343 -0.00522019
23.905 -2.42622e-09 -0.00203645 -0.00534624
24.005 -2.39589e-09 -0.00203962 -0.00519021
24.105 -2.46257e-09 -0.00204275 -0.00534952
24.205 -2.43265e-09 -0.0020456 -0.0052203
24.305 -2.46623e-09 -0.00204815 -0.00534015
24.405 -2.45305e-09 -0.00205044 -0.00525861
24.505 -2.463e-09 -0.00205268 -0.00527803
24.605 -2.46074e-09 -0.0020545 -0.00528999
24.705 -2.46476e-09 -0.00205582 -0.00528485
24.805 -2.45863e-09 -0.0020569 -0.0052681
24.905 -2.47876e-09 -0.00205779 -0.00530673
25.005 -2.4539e-09 -0.00205869 -0.00524786
25.105 -2.47715e-09 -0.00205957 -0.00529797
25.205 -2.45571e-09 -0.00206042 -0.00524732
25.305 -2.49547e-09 -0.00206151 -0.00534308
25.405 -2.45344e-09 -0.00206292 -0.00520261
25.505 -2.49745e-09 -0.00206481 -0.0053234
25.605 -2.50827e-09 -0.00206757 -0.00530301
25.705 -2.51666e-09 -0.00207092 -0.00524301
25.805 -2.55677e-09 -0.00207429 -0.00535984
25.905 -2.52702e-09 -0.00207739 -0.00520237
26.005 -2.59072e-09 -0.00208025 -0.00534634
26.105 -2.57193e-09 -0.00208325 -0.0052522
26.205 -2.59251e-09 -0.00208644 -0.00526659
26.305 -2.62693e-09 -0.00208977 -0.00534218
26.405 -2.58655e-09 -0.00209278 -0.0052314
26.505 -2.62292e-09 -0.00209547 -0.00534205
26.605 -2.60155e-09 -0.00209801 -0.00523811
26.705 -2.64143e-09 -0.0021003 -0.0053338
26.805 -2.60207e-09 -0.00210247 -0.00523327
26.905 -2.64477e-09 -0.00210462 -0.00534314
27.005 -2.61813e-09 -0.00210689 -0.00520608
27.105 -2.67157e-09 -0.00210944 -0.00535256
27.205 -2.65801e-09 -0.00211233 -0.00523993
27.305 -2.68299e-09 -0.00211554 -0.00527184
27.405 -2.70033e-09 -0.00211891 -0.00531476
27.505 -2.6836e-09 -0.00212185 -0.00522991
27.605 -2.70532e-09 -0.00212442 -0.00532082
27.705 -2.69301e-09 -0.00212638 -0.00527069
27.805 -2.71087e-09 -0.00212795 -0.00530203
27.905 -2.69409e-09 -0.00212919 -0.00526384
28.005 -2.71021e-09 -0.00213028 -0.00530417
28.105 -2.69077e-09 -0.00213127 -0.00525781
28.205 -2.7058e-09 -0.00213216 -0.00529361
28.305 -2.7034e-09 -0.00213287 -0.00528208
28.405 -2.70169e-09 -0.0021335 -0.00527499
28.505 -2.70427e-09 -0.00213405 -0.00528621
28.605 -2.70638e-09 -0.00213461 -0.00528278
28.705 -2.70543e-09 -0.00213506 -0.00528443
28.805 -2.70671e-09 -0.00213545 -0.00528326
28.905 -2.70993e-09 -0.00213578 -0.00528828
29.005 -2.70542e-09 -0.00213608 -0.00527906
29.105 -2.71228e-09 -0.00213635 -0.00529678
29.205 -2.70436e-09 -0.00213671 -0.00527494
29.305 -2.7021e-09 -0.00213708 -0.00527963
29.405 -2.7068e-09 -0.00213733 -0.00528365
29.505 -2.70029e-09 -0.00213754 -0.00527151
29.605 -2.71142e-09 -0.00213772 -0.00528994
29.705 -2.70444e-09 -0.00213787 -0.00527749
29.805 -2.7044e-09 -0.002138 -0.00527438
29.905 -2.71391e-09 -0.00213811 -0.00529414
30.005 -2.70787e-09 -0.00213821 -0.00528057
30.105 -2.70274e-09 -0.0021383 -0.00527741
30.205 -2.71344e-09 -0.00213839 -0.00529522
30.305 -2.70211e-09 -0.00213844 -0.00526649
30.405 -2.71616e-09 -0.0021385 -0.00529789
30.505 -2.70122e-09 -0.00213856 -0.00526865
30.605 -2.71425e-09 -0.00213862 -0.0052939
30.705 -2.70696e-09 -0.00213866 -0.00527531
30.805 -2.71315e-09 -0.0021387 -0.00529101
30.905 -2.70626e-09 -0.00213874 -0.00527529
31.005 -2.71287e-09 -0.00213877 -0.00528922
31.105 -2.70749e-09 -0.0021388 -0.00527688
31.205 -2.71074e-09 -0.00213882 -0.00528702
31.305 -2.7078e-09 -0.00213884 -0.00527865
31.405 -2.71031e-09 -0.00213886 -0.00528582
31.505 -2.70847e-09 -0.00213888 -0.00528011
31.605 -2.70932e-09 -0.00213889 -0.00528387
31.705 -2.7095e-09 -0.00213891 -0.00528201
31.805 -2.70885e-09 -0.00213892 -0.00528242
31.905 -2.71002e-09 -0.00213893 -0.00528323
32.005 -2.7091e-09 -0.00213894 -0.00528359
32.105 -2.70945e-09 -0.00213895 -0.00528228
32.205 -2.7086e-09 -0.00213895 -0.00528199
32.305 -2.7101e-09 -0.00213896 -0.00528344
32.405 -2.70867e-09 -0.00213897 -0.00528124
