0.005 -38.0836 -83.8755 -38.0836 0.0203692 0.632782
0.105 -38.086 -83.8694 -38.086 0.274797 0.632704
0.205 -38.0896 -83.8612 -38.0896 0.100557 0.632516
0.305 -38.0927 -83.8551 -38.0927 -0.0543337 0.632385
0.405 -38.0939 -83.8538 -38.0939 0.137202 0.632351
0.505 -38.0975 -83.8456 -38.0975 -0.522314 0.632307
0.605 -38.0999 -83.8423 -38.0999 0.0131921 0.632101
0.705 -38.1045 -83.827 -38.1045 -0.527784 0.631974
0.805 -38.1125 -83.7978 -38.1125 -1.10099 0.631937
0.905 -38.1079 -83.786 -38.1079 -0.66145 0.631569
1.005 -38.1158 -83.7421 -38.1158 0.426689 0.630848
1.105 -38.2088 -83.522 -38.2087 -2.954 0.630552
1.205 -38.4093 -82.6653 -38.4093 3.63848 0.619885
1.305 -38.6051 -81.7801 -38.6051 -1.90546 0.60231
1.405 -39.4862 -79.4773 -39.4862 -2.62703 0.561765
1.505 -40.1609 -77.2026 -40.1609 5.92033 0.539585
1.605 -40.7489 -75.3337 -40.7489 -9.30568 0.538032
1.705 -40.9531 -75.1785 -40.9531 -0.498053 0.481983
1.805 -41.5367 -74.802 -41.5367 2.20914 0.469047
1.905 -41.9509 -75.0453 -41.9509 -3.99785 0.470433
2.005 -42.3356 -75.8625 -42.3356 -1.80652 0.46389
2.105 -42.6663 -76.2559 -42.6663 2.45276 0.463398
2.205 -42.9113 -76.517 -42.9113 -4.17398 0.468307
2.305 -43.1437 -76.9561 -43.1437 1.03406 0.458748
2.405 -43.4029 -77.1342 -43.4029 4.90022 0.469254
2.505 -43.618 -76.6923 -43.618 -3.85887 0.455259
2.605 -43.7227 -76.2854 -43.7227 5.7533 0.459999
2.705 -43.7989 -75.3994 -43.7989 -9.86615 0.487463
2.805 -43.6782 -74.5616 -43.6782 7.25065 0.455381
2.905 -43.9429 -72.8202 -43.9429 1.89813 0.39997
3.005 -44.0086 -71.1927 -44.0086 -4.04535 0.38995
3.105 -44.1715 -69.9594 -44.1715 13.2662 0.482525
3.205 -44.0896 -69.1765 -44.0896 -5.82897 0.380049
3.305 -44.4262 -69.7836 -44.4262 3.73192 0.364808
3.405 -45.1163 -69.5144 -45.1163 11.2716 0.432596
3.505 -45.132 -68.5418 -45.132 -4.51305 0.343698
3.605 -45.7283 -69.019 -45.7283 3.48286 0.331572
3.705 -46.174 -68.932 -46.174 5.6242 0.339467
3.805 -47.15 -64.4532 -47.15 -21.2664 0.56692
3.905 -46.7923 -62.3777 -46.7923 -2.59005 0.229961
4.005 -47.7351 -56.9032 -47.7351 20.824 0.540072
4.105 -48.0216 -57.9878 -48.0216 5.64518 0.20044
4.205 -48.2866 -58.631 -48.2866 1.78242 0.153814
4.305 -49.1538 -59.9413 -49.1538 12.1757 0.331034
4.405 -48.8037 -57.0271 -48.8037 -17.3406 0.445323
4.505 -51.8712 -56.7091 -51.8712 -28.2231 0.677083
4.605 -56.0125 -58.0903 -56.0125 -34.6217 0.780186
4.705 -56.5395 -60.1004 -56.5395 -23.127 0.513671
4.805 -50.6796 -52.6658 -50.6796 7.16692 0.180487
4.905 -50.5097 -52.738 -50.5097 15.3983 0.384912
5.005 -52.1709 -54.1184 -52.1709 21.7413 0.526255
5.105 -53.5117 -56.1915 -53.5117 18.0333 0.424809
5.205 -53.087 -56.2399 -53.087 6.34501 0.155691
5.305 -54.1393 -57.5073 -54.1393 24.4448 0.566647
5.405 -51.6147 -53.7201 -51.6147 -9.99997 0.245845
5.505 -51.4941 -53.5909 -51.4941 -9.3575 0.230816
5.605 -51.0418 -53.3594 -51.0417 4.71864 0.120856
5.705 -50.8239 -52.6273 -50.8238 20.1883 0.501879
5.805 -49.3322 -51.3269 -49.3322 -5.49554 0.14337
5.905 -49.7824 -52.2432 -49.7824 -10.5849 0.269442
6.005 -49.9435 -52.8537 -49.9435 1.35587 0.054139
6.105 -50.2194 -52.305 -50.2194 -19.3496 0.48613
6.205 -51.1675 -53.4322 -51.1675 -18.0323 0.444573
6.305 -49.0342 -51.1504 -49.0342 5.98177 0.156695
6.405 -48.9334 -50.0707 -48.9334 23.6501 0.61247
6.505 -50.3272 -52.0631 -50.3272 22.9762 0.576774
6.605 -48.7869 -51.3334 -48.7869 4.86391 0.130686
6.705 -49.5064 -52.8155 -49.5064 11.4286 0.292296
6.805 -49.1512 -51.9382 -49.1512 9.22768 0.238777
6.905 -46.115 -47.2789 -46.115 -16.2526 0.446455
7.005 -46.9862 -48.0051 -46.9862 -23.5251 0.634684
7.105 -46.5475 -48.7532 -46.5475 -12.0219 0.326346
7.205 -44.9143 -47.1164 -44.9143 1.27906 0.0504213
7.305 -46.0294 -49.3072 -46.0294 -6.3425 0.179282
7.405 -47.1763 -51.0042 -47.1763 -12.162 0.325661
7.505 -48.2215 -52.9816 -48.2215 -10.255 0.272114
7.605 -47.9482 -50.6764 -47.9482 6.47107 0.17401
7.705 -47.2531 -48.5306 -47.2531 12.665 0.339634
7.805 -46.8553 -48.7155 -46.8553 -3.22424 0.0913687
7.905 -46.9055 -48.9118 -46.9055 -6.25575 0.170696
8.005 -46.5216 -47.5613 -46.5216 18.82 0.512788
8.105 -47.2342 -48.2556 -47.2342 17.0592 0.457971
8.205 -45.4876 -47.0939 -45.4876 1.21716 0.0424355
8.305 -45.0073 -46.8082 -45.0074 -7.34856 0.207685
8.405 -45.4527 -47.5644 -45.4528 13.2772 0.368679
8.505 -46.4137 -49.092 -46.4137 17.0261 0.461282
8.605 -45.5958 -47.8805 -45.5958 -6.81002 0.19098
8.705 -45.3336 -46.1681 -45.3336 -19.7672 0.553265
8.805 -46.4181 -47.7888 -46.4181 -20.9057 0.569651
8.905 -46.5988 -48.9183 -46.5988 -12.438 0.33707
9.005 -43.1255 -44.1857 -43.1255 11.7059 0.344023
9.105 -43.4917 -45.249 -43.4917 3.65277 0.109757
9.205 -44.3285 -47.0224 -44.3286 1.05419 0.05302
9.305 -45.2756 -48.9386 -45.2756 -1.71316 0.0747099
9.405 -46.1931 -50.0128 -46.1931 11.0287 0.302444
9.505 -47.4159 -49.7013 -47.4159 19.2212 0.510467
9.605 -47.573 -50.6187 -47.573 5.41209 0.149503
9.705 -46.6477 -49.0223 -46.6477 -9.59865 0.260885
9.805 -47.4882 -50.7381 -47.4882 -10.417 0.278175
9.905 -48.371 -52.6314 -48.371 -6.94623 0.188931
10.005 -49.2998 -54.525 -49.2998 -4.89467 0.143815
10.105 -49.851 -54.5821 -49.851 6.35173 0.171647
10.205 -50.308 -55.2479 -50.308 -6.00167 0.163294
10.305 -50.9293 -56.1021 -50.9293 -9.58873 0.243536
10.405 -51.2663 -56.2928 -51.2663 5.97917 0.16029
10.505 -51.841 -57.0631 -51.841 7.96023 0.202845
10.605 -52.4774 -58.3555 -52.4774 2.28421 0.0959584
10.705 -53.1732 -59.7876 -53.1732 7.35709 0.191142
10.805 -53.7612 -60.0289 -53.7612 -5.70454 0.154463
10.905 -54.3647 -60.2928 -54.3647 -9.20579 0.222616
11.005 -54.5073 -59.8241 -54.5073 7.60591 0.186111
11.105 -54.9684 -60.2541 -54.9684 5.12732 0.134319
11.205 -55.0523 -59.8259 -55.0523 -9.12307 0.214865
11.305 -55.6616 -61.0397 -55.6616 -6.36319 0.157384
11.405 -56.0458 -61.6532 -56.0458 2.30155 0.0875925
11.505 -56.6934 -62.9502 -56.6934 -3.5456 0.109982
11.605 -57.3253 -63.9946 -57.3254 3.52948 0.112033
11.705 -57.9844 -64.9135 -57.9844 4.24662 0.12359
11.805 -58.6126 -66.0428 -58.6127 -2.40051 0.102783
11.905 -59.3096 -67.2372 -59.3096 6.75209 0.168186
12.005 -60.0074 -67.9021 -60.0074 4.24798 0.127059
12.105 -60.4159 -67.6581 -60.4159 -8.85462 0.199084
12.205 -60.831 -68.2633 -60.831 3.46364 0.11127
12.305 -61.2115 -68.5512 -61.2115 -0.618103 0.0859352
12.405 -61.5774 -68.3094 -61.5774 -11.0716 0.234864
12.505 -61.9324 -68.8852 -61.9324 1.2158 0.0833931
12.605 -62.4024 -69.7989 -62.4024 -2.48914 0.0973426
12.705 -62.8869 -70.3157 -62.8869 6.53662 0.152802
12.805 -63.3124 -70.9157 -63.3124 1.21581 0.0883736
12.905 -63.7261 -71.7236 -63.7261 2.62426 0.102197
13.005 -64.1574 -72.3382 -64.1574 -3.48171 0.11208
13.105 -64.5083 -72.4525 -64.5083 -1.95006 0.0948136
13.205 -64.6784 -71.9487 -64.6784 8.18117 0.17507
13.305 -64.6299 -71.2572 -64.6299 -9.5706 0.197011
13.405 -64.5885 -70.9904 -64.5885 6.61511 0.145092
13.505 -64.819 -71.2101 -64.819 4.86493 0.116518
13.605 -64.8626 -71.1808 -64.8626 -5.24059 0.121811
13.705 -65.3036 -72.1279 -65.3036 -0.808175 0.0760389
13.805 -65.7559 -73.1149 -65.7559 -3.71029 0.105656
13.905 -66.2149 -73.9783 -66.2149 1.41624 0.0872894
14.005 -66.5818 -74.5176 -66.5818 -4.9716 0.124779
14.105 -66.9224 -74.289 -66.9224 -10.2986 0.205197
14.205 -66.7805 -73.3075 -66.7805 10.7108 0.210379
14.305 -66.6727 -73.0304 -66.6727 -4.63212 0.109767
14.405 -66.5476 -72.593 -66.5476 -0.383047 0.0654308
14.505 -66.284 -71.6007 -66.284 13.5001 0.259904
14.605 -65.8819 -70.9418 -65.8819 -4.94933 0.108668
14.705 -65.9958 -71.1784 -65.9958 1.49188 0.0630753
14.805 -66.2055 -71.5888 -66.2055 3.8422 0.0928509
14.905 -66.2262 -71.4329 -66.2262 -10.1547 0.199088
15.005 -66.2075 -71.4496 -66.2075 7.19045 0.146674
15.105 -66.3343 -71.5749 -66.3343 5.22017 0.113228
15.205 -66.0927 -71.1485 -66.0927 -7.05874 0.143984
15.305 -66.2801 -71.5756 -66.2801 4.6398 0.104329
15.405 -66.5701 -72.1841 -66.5701 -6.02564 0.127725
15.505 -66.8346 -72.6938 -66.8346 1.28871 0.0672363
15.605 -66.9963 -72.9239 -66.9963 1.298 0.0678016
15.705 -67.1536 -73.2091 -67.1536 -1.53492 0.0705259
15.805 -67.3492 -73.6084 -67.3492 1.89964 0.0751237
15.905 -67.4103 -73.41 -67.4103 -8.38026 0.166918
16.005 -67.2199 -72.8174 -67.2199 9.96203 0.193688
16.105 -67.1718 -72.7548 -67.1718 -2.55435 0.0761185
16.205 -67.2076 -72.7093 -67.2076 -4.77106 0.106069
16.305 -67.1623 -72.6619 -67.1623 5.7525 0.121674
16.405 -67.3086 -72.966 -67.3086 -6.14 0.128418
16.505 -67.5901 -73.5642 -67.5901 2.24967 0.0756151
16.605 -67.9554 -74.365 -67.9554 -2.49496 0.0813568
16.705 -68.3312 -75.1713 -68.3312 0.950409 0.0735001
16.805 -68.6737 -75.6989 -68.6737 5.60355 0.12446
16.905 -68.9906 -76.3139 -68.9906 -1.91525 0.0830288
17.005 -69.2487 -76.7322 -69.2487 -3.77585 0.102194
17.105 -69.444 -76.7724 -69.444 7.18714 0.148242
17.205 -69.56 -76.8072 -69.56 -5.48757 0.122508
17.305 -69.7363 -76.7982 -69.7363 -6.59709 0.13746
17.405 -69.7257 -76.5822 -69.7257 4.82372 0.110724
17.505 -69.9901 -77.1137 -69.9901 3.87111 0.0997309
17.605 -70.2094 -77.4974 -70.2094 -4.02383 0.102416
17.705 -70.4295 -77.9205 -70.4295 3.75373 0.100343
17.805 -70.6053 -78.1462 -70.6053 -6.15933 0.131814
17.905 -70.7508 -78.3427 -70.7508 2.07806 0.0845841
18.005 -70.7857 -77.8888 -70.7857 7.32744 0.146674
18.105 -70.6096 -77.3741 -70.6096 -6.52975 0.133429
18.205 -70.7253 -77.6105 -70.7253 2.10257 0.0786945
18.305 -70.9366 -78.0687 -70.9366 0.559059 0.0724279
18.405 -71.1929 -78.6332 -71.1929 1.44668 0.0786181
18.505 -71.4247 -79.1027 -71.4247 -2.96288 0.0920917
18.605 -71.6454 -79.5629 -71.6454 0.0752295 0.0786449
18.705 -71.8396 -79.9426 -71.8396 2.62264 0.0919424
18.805 -72.0286 -80.3587 -72.0286 -1.48442 0.0859813
18.905 -72.1972 -80.7301 -72.1972 -0.0158439 0.0838925
19.005 -72.351 -81.0689 -72.351 0.232031 0.0855568
19.105 -72.4913 -81.3778 -72.4913 1.45541 0.0903214
19.205 -72.617 -81.6547 -72.617 -1.47857 0.0916371
19.305 -72.7219 -81.8857 -72.7219 -1.48958 0.0926918
19.405 -72.8218 -81.8361 -72.8218 5.32612 0.125499
19.505 -72.8941 -81.815 -72.8941 -1.54459 0.09057
19.605 -72.9133 -81.4977 -72.9133 -3.6511 0.103815
19.705 -72.8413 -81.0347 -72.8413 5.4491 0.122018
19.805 -72.7444 -80.6366 -72.7444 -7.02806 0.142003
19.905 -72.6554 -80.3155 -72.6554 5.80491 0.123995
20.005 -72.6305 -80.1997 -72.6305 -3.0842 0.090949
20.105 -72.6789 -80.2361 -72.6789 -1.40426 0.0778916
20.205 -72.7036 -80.2497 -72.7036 3.62049 0.0962366
20.305 -72.7092 -80.1851 -72.7092 -6.93732 0.138839
20.405 -72.7153 -80.1681 -72.7153 4.10311 0.101035
20.505 -72.7741 -80.236 -72.7741 -1.34492 0.0766297
20.605 -72.8576 -80.4027 -72.8576 1.80246 0.0799277
20.705 -72.9331 -80.5461 -72.9331 -1.04962 0.0765153
20.805 -72.9838 -80.6278 -72.9838 0.723087 0.0756616
20.905 -72.9926 -80.5303 -72.9926 5.28185 0.115827
21.005 -72.9206 -80.2633 -72.9206 -6.69517 0.134361
21.105 -72.9865 -80.3776 -72.9865 1.72126 0.077932
21.205 -73.0878 -80.5896 -73.0878 -1.22924 0.0761138
21.305 -73.2025 -80.8254 -73.2025 0.541195 0.074812
21.405 -73.3357 -81.1187 -73.3357 0.723506 0.0766005
21.505 -73.4614 -81.3956 -73.4614 -1.41473 0.0805018
21.605 -73.5775 -81.6513 -73.5775 2.37659 0.0876695
21.705 -73.6843 -81.8867 -73.6843 -0.727253 0.0801202
21.805 -73.7831 -82.1041 -73.7831 0.983264 0.0818555
21.905 -73.8703 -82.2962 -73.8703 2.3278 0.0898785
22.005 -73.9421 -82.4003 -73.9421 -3.74952 0.102498
22.105 -73.9903 -82.4772 -73.9903 2.47576 0.0913269
22.205 -74.0238 -82.5061 -74.0238 -3.71888 0.102254
22.305 -74.0477 -82.5109 -74.0477 1.33982 0.0842311
22.405 -74.0491 -82.4523 -74.0491 -0.198508 0.0807439
22.505 -74.0818 -82.5242 -74.0818 -0.343855 0.0812067
22.605 -74.1332 -82.6374 -74.1332 1.52036 0.0853411
22.705 -74.1883 -82.7589 -74.1883 0.894402 0.0834057
22.805 -74.2361 -82.8641 -74.2361 -2.37981 0.0914912
22.905 -74.2777 -82.953 -74.2777 3.49943 0.101184
23.005 -74.2961 -82.97 -74.2961 -2.53685 0.0929436
23.105 -74.3078 -82.9647 -74.3078 1.72874 0.0875537
23.205 -74.3082 -82.9657 -74.3082 -3.00359 0.0965393
23.305 -74.2823 -82.8665 -74.2823 3.32427 0.0988593
23.405 -74.2255 -82.6488 -74.2255 -4.09429 0.105462
23.505 -74.1611 -82.4323 -74.1611 1.6133 0.0837442
23.605 -74.0818 -82.1889 -74.0818 -2.77496 0.0905622
23.705 -73.9874 -81.9022 -73.9874 0.311839 0.0763862
23.805 -73.8512 -81.4161 -73.8512 3.788 0.0967384
23.905 -73.6677 -80.9745 -73.6677 -3.87112 0.0961423
24.005 -73.5199 -80.6257 -73.5199 6.74494 0.132939
24.105 -73.3962 -80.392 -73.3962 -4.71964 0.104826
24.205 -73.3842 -80.3779 -73.3842 4.85012 0.106514
24.305 -73.3707 -80.3675 -73.3707 -5.1138 0.110007
24.405 -73.4067 -80.4296 -73.4067 1.95877 0.0759684
24.505 -73.4757 -80.5877 -73.4757 0.186973 0.0692537
24.605 -73.5806 -80.8162 -73.5806 -1.2943 0.0735444
24.705 -73.7133 -81.1086 -73.7133 0.406831 0.071949
24.805 -73.8446 -81.3977 -73.8446 0.977892 0.0747898
24.905 -73.9625 -81.6446 -73.9625 -2.58651 0.085743
25.005 -74.0691 -81.8795 -74.0691 3.11248 0.0913234
25.105 -74.1503 -82.0556 -74.1503 -0.569593 0.07655
25.205 -74.2347 -82.2416 -74.2347 2.36 0.0862497
25.305 -74.2701 -82.2108 -74.2701 -5.44422 0.118253
25.405 -74.1963 -81.922 -74.1963 6.69448 0.133905
25.505 -74.0665 -81.5715 -74.0665 -4.90171 0.109191
25.605 -73.9609 -81.1855 -73.9609 -0.685739 0.0707336
25.705 -73.7876 -80.7626 -73.7876 2.21172 0.0771388
25.805 -73.6345 -80.4439 -73.6345 -5.4994 0.113812
25.905 -73.4936 -80.1697 -73.4936 6.49594 0.127477
26.005 -73.4253 -80.0768 -73.4253 -5.66608 0.115636
26.105 -73.3927 -80.0428 -73.3927 3.64452 0.089471
26.205 -73.3675 -79.991 -73.3675 0.640981 0.0655633
26.305 -73.2558 -79.804 -73.2558 -3.96586 0.0928137
26.405 -73.2208 -79.7821 -73.2208 3.62345 0.0888345
26.505 -73.2586 -79.8877 -73.2586 -4.40601 0.0988229
26.605 -73.3274 -80.0519 -73.3274 3.42521 0.0875504
26.705 -73.4298 -80.2747 -73.4298 -3.37616 0.0877288
26.805 -73.5196 -80.4638 -73.5196 3.82818 0.0934122
26.905 -73.583 -80.5923 -73.583 -4.51119 0.10201
27.005 -73.5844 -80.557 -73.5844 6.01348 0.121825
27.105 -73.5302 -80.4473 -73.5302 -5.56371 0.115405
27.205 -73.4497 -80.2831 -73.4497 4.44053 0.100237
27.305 -73.3892 -80.1281 -73.3892 -0.024678 0.0657364
27.405 -73.3082 -79.986 -73.3082 -2.43154 0.0771147
27.505 -73.2922 -79.9865 -73.2922 4.2432 0.0971155
27.605 -73.3416 -80.1118 -73.3416 -3.55473 0.0893096
27.705 -73.4861 -80.43 -73.4861 0.632875 0.0684248
27.805 -73.6361 -80.7603 -73.6361 -1.69259 0.0747778
27.905 -73.776 -81.0685 -73.776 1.93434 0.0776977
28.005 -73.9057 -81.3543 -73.9057 -1.71898 0.0774769
28.105 -74.028 -81.6236 -74.028 2.08776 0.0810706
28.205 -74.1364 -81.8623 -74.1364 -1.12939 0.0766526
28.305 -74.2358 -82.0811 -74.2358 0.10858 0.0753417
28.405 -74.3258 -82.2794 -74.3258 1.25377 0.0790251
28.505 -74.407 -82.4581 -74.4069 -0.663454 0.0778373
28.605 -74.4792 -82.6173 -74.4792 -0.275323 0.0779193
28.705 -74.5426 -82.7569 -74.5426 -0.142659 0.0784601
28.805 -74.5996 -82.8824 -74.5996 -0.00903762 0.0789971
28.905 -74.6505 -82.9945 -74.6505 -0.312873 0.0796753
29.005 -74.6958 -83.0944 -74.6958 0.440318 0.0802909
29.105 -74.7361 -83.1831 -74.7361 -1.60527 0.0846063
29.205 -74.7661 -83.249 -74.7661 0.614239 0.0812954
29.305 -74.7873 -83.2845 -74.7873 0.286711 0.0809094
29.405 -74.8128 -83.3406 -74.8128 -0.207286 0.0810974
29.505 -74.8382 -83.3965 -74.8382 1.10262 0.0832773
29.605 -74.8619 -83.4487 -74.8619 -0.913381 0.0828862
29.705 -74.8835 -83.4964 -74.8835 0.219667 0.0818093
29.805 -74.903 -83.5392 -74.903 0.790961 0.0829471
29.905 -74.9203 -83.5774 -74.9203 -0.777699 0.0830826
30.005 -74.9357 -83.6113 -74.9357 0.559352 0.0827589
30.105 -74.9494 -83.6414 -74.9494 0.0635807 0.0823898
30.205 -74.9615 -83.6681 -74.9615 -1.21442 0.084877
30.305 -74.9719 -83.691 -74.9719 2.01804 0.088997
30.405 -74.9809 -83.7109 -74.9809 -1.44304 0.0860187
30.505 -74.9889 -83.7285 -74.9889 1.14892 0.0848938
30.605 -74.9961 -83.7443 -74.9961 -0.965229 0.0843455
30.705 -75.0027 -83.7588 -75.0027 0.739592 0.0837941
30.805 -75.0086 -83.772 -75.0086 -0.825821 0.0840684
30.905 -75.014 -83.7837 -75.014 0.63605 0.0836757
31.005 -75.0187 -83.7941 -75.0187 -0.576077 0.0836054
31.105 -75.0229 -83.8034 -75.0229 0.515451 0.0835403
31.205 -75.0267 -83.8116 -75.0267 -0.458862 0.0834883
31.305 -75.03 -83.8189 -75.03 0.37351 0.0834064
31.405 -75.0329 -83.8254 -75.0329 -0.272899 0.0833305
31.505 -75.0355 -83.8311 -75.0355 0.202324 0.0833021
31.605 -75.0378 -83.8362 -75.0378 -0.138878 0.0832899
31.705 -75.0398 -83.8406 -75.0398 0.0702487 0.0832869
31.805 -75.0416 -83.8446 -75.0416 0.0132308 0.0832971
31.905 -75.0432 -83.8481 -75.0432 -0.0893731 0.0833255
32.005 -75.0447 -83.8513 -75.0447 -0.0543652 0.0833314
32.105 -75.0459 -83.854 -75.0459 0.0193105 0.0833396
32.205 -75.047 -83.8565 -75.047 0.0191267 0.0833506
32.305 -75.048 -83.8586 -75.048 -0.0775993 0.0833694
32.405 -75.0489 -83.8606 -75.0489 0.128505 0.0833949
