0.005 -2.0044 -4.4145 -2.0044 -5.78033e-11 0.602795
0.105 -2.01195 -4.40983 -2.01186 0.0104651 0.59907
0.205 -2.01332 -4.41291 -2.01325 0.0266369 0.599192
0.305 -2.01545 -4.41215 -2.01538 -0.00512783 0.59813
0.405 -2.01629 -4.41192 -2.01621 0.00484292 0.597766
0.505 -2.01841 -4.40894 -2.01833 -0.0709034 0.597192
0.605 -2.01994 -4.41018 -2.01987 -0.0326127 0.596208
0.705 -2.0228 -4.40941 -2.02273 0.0474247 0.595157
0.805 -2.03909 -4.37865 -2.03902 0.104714 0.584709
0.905 -2.05374 -4.38831 -2.05366 0.00365331 0.579187
1.005 -2.05903 -4.39463 -2.05896 0.0239513 0.578434
1.105 -2.07608 -4.36395 -2.076 -0.283045 0.579167
1.205 -2.11994 -4.27373 -2.11987 0.171344 0.538309
1.305 -2.22381 -4.1202 -2.22379 -0.175263 0.472648
1.405 -2.37359 -3.88129 -2.37339 -0.915822 0.535009
1.505 -2.54811 -3.6049 -2.54795 0.716692 0.395378
1.605 -2.59651 -3.61034 -2.59627 -0.370054 0.287698
1.705 -2.65892 -3.31837 -2.65887 0.599831 0.300564
1.805 -2.76936 -3.49615 -2.76928 0.549111 0.280074
1.905 -2.83513 -3.59528 -2.83502 -0.378064 0.229183
2.005 -2.86499 -3.57239 -2.86485 -0.240062 0.186734
2.105 -2.91209 -3.52559 -2.91206 0.719967 0.314715
2.205 -2.95309 -3.60687 -2.95302 -0.156145 0.157598
2.305 -3.00667 -3.67397 -3.00661 -0.255548 0.175296
2.405 -3.03696 -3.65551 -3.03693 0.103105 0.140355
2.505 -3.07192 -3.71047 -3.07185 -0.544788 0.245372
2.605 -3.01462 -3.54555 -3.0147 1.07351 0.428045
2.705 -3.02178 -3.59364 -3.02178 -0.365432 0.18766
2.805 -2.91075 -3.3908 -2.91072 0.760396 0.321961
2.905 -2.92427 -3.41076 -2.92419 0.304994 0.164149
3.005 -2.86376 -3.30834 -2.86357 -0.870079 0.367603
3.105 -2.79015 -3.18198 -2.79007 1.26137 0.534717
3.205 -2.68332 -3.01983 -2.68323 -0.570279 0.262087
3.305 -2.64451 -2.97293 -2.64445 0.562994 0.262128
3.405 -2.70782 -3.02903 -2.7078 1.27376 0.556279
3.505 -2.74062 -3.02862 -2.74058 -0.22996 0.12175
3.605 -2.79439 -3.02084 -2.79436 0.203332 0.102569
3.705 -2.86826 -3.09238 -2.86824 1.10811 0.462161
3.805 -2.81233 -2.87206 -2.81232 -1.5098 0.648853
3.905 -2.54397 -2.53578 -2.54402 -0.0815582 0.0388988
4.005 -2.33361 -2.35648 -2.33365 0.883494 0.45452
4.105 -2.38315 -2.38112 -2.38317 1.67872 0.849464
4.205 -2.03522 -2.05531 -2.03523 -0.638236 0.373248
4.305 -2.06393 -2.15296 -2.06394 0.917145 0.524724
4.405 -1.98451 -2.01325 -1.98452 -0.82286 0.491982
4.505 -2.1468 -2.16905 -2.1468 -1.47343 0.819541
4.605 -2.65069 -2.62566 -2.6507 -2.03027 0.931691
4.705 -2.66419 -2.64832 -2.6642 -2.01259 0.918119
4.805 -2.15135 -2.12858 -2.15137 0.140729 0.078972
4.905 -1.89624 -1.89551 -1.89625 0.912756 0.571807
5.005 -1.97595 -1.98381 -1.97596 1.36851 0.824033
5.105 -2.05877 -2.13356 -2.05877 1.43118 0.821539
5.205 -1.75093 -1.79532 -1.75093 -0.232018 0.15619
5.305 -1.79936 -1.83035 -1.79936 1.33989 0.876478
5.405 -1.90594 -1.8784 -1.90594 0.274202 0.172001
5.505 -1.54879 -1.55412 -1.54879 -1.01023 0.761588
5.605 -1.69355 -1.63524 -1.69298 -0.498316 0.351022
5.705 -1.25392 -1.24687 -1.25386 0.653499 0.597937
5.805 -1.72033 -1.79086 -1.72031 1.3351 0.904087
5.905 -1.17127 -1.16265 -1.1713 -0.728839 0.708998
6.005 -1.24359 -1.26819 -1.24364 -0.542819 0.496736
6.105 -0.759837 -0.753695 -0.759822 -0.325073 0.459619
6.205 -1.4478 -1.42918 -1.44781 -1.18581 0.955275
6.305 -2.58916 -2.49464 -2.58915 -2.02814 0.960172
6.405 -1.33608 -1.31869 -1.33608 0.742616 0.643332
6.505 -1.39007 -1.39602 -1.39007 1.03521 0.860762
6.605 -3.37544 -3.27084 -3.37547 2.58914 0.950575
6.705 -1.81648 -1.67061 -1.81655 0.140691 0.109598
6.805 -1.82575 -1.84345 -1.82579 1.47342 0.953063
6.905 -1.24485 -1.19267 -1.24485 -0.51155 0.477072
7.005 -1.12499 -1.12467 -1.12499 -0.774863 0.779526
7.105 -1.18331 -1.17485 -1.18331 -0.93815 0.9043
7.205 -2.33271 -2.35572 -2.33271 -1.86091 0.957609
7.305 -1.21314 -1.13444 -1.21314 0.488887 0.470996
7.405 -0.756241 -0.764468 -0.756235 0.260251 0.367522
7.505 -1.54752 -1.50889 -1.54752 -1.27157 0.967826
7.605 -1.06773 -1.13665 -1.06773 -0.260873 0.272805
7.705 -0.864386 -0.878904 -0.864386 0.602696 0.758807
7.805 -1.03992 -1.07317 -1.03992 0.795228 0.849564
7.905 -0.663165 -0.651929 -0.663164 -0.333938 0.529753
8.005 -0.750013 -0.723473 -0.750012 -0.655657 0.944561
8.105 -0.501052 -0.508263 -0.501053 0.440507 0.866028
8.205 -0.732064 -0.73183 -0.732064 0.648055 0.943092
8.305 -1.54397 -1.40755 -1.54425 0.199881 0.167098
8.405 -0.835437 -0.829592 -0.835366 -0.520366 0.678974
8.505 -0.891208 -0.951241 -0.891218 0.795784 0.962997
8.605 -1.77537 -1.5808 -1.77532 0.702087 0.489886
8.705 -0.775139 -0.749343 -0.775124 -0.445177 0.623721
8.805 -0.843838 -0.848306 -0.843827 -0.679565 0.876098
8.905 -0.988192 -1.00499 -0.988181 -0.83477 0.936293
9.005 -2.10378 -2.09731 -2.10378 -1.68138 0.957039
9.105 -0.785757 -0.760921 -0.785761 0.44418 0.61494
9.205 -0.853856 -0.855392 -0.853856 0.706231 0.902254
9.305 -0.460598 -0.505268 -0.460598 0.0477329 0.111444
9.405 -0.649618 -0.763464 -0.649616 -0.260041 0.411086
9.505 -0.848022 -0.862769 -0.848022 0.736317 0.942098
9.605 -1.12751 -1.13628 -1.12751 0.95067 0.952253
9.705 -0.647676 -0.615762 -0.647678 -0.251763 0.411801
9.805 -0.66709 -0.67265 -0.667092 -0.548531 0.859884
9.905 -0.998093 -1.00655 -0.998094 -0.857048 0.955268
10.005 -1.07842 -1.20798 -1.07842 -0.735955 0.746122
10.105 -0.775251 -0.815311 -0.775243 0.342828 0.469808
10.205 -0.915892 -0.913975 -0.915892 0.430933 0.519014
10.305 -0.977043 -0.993174 -0.977046 -0.850759 0.963816
10.405 -0.819954 -0.782544 -0.819949 0.142862 0.193648
10.505 -0.981151 -0.993769 -0.98115 0.780781 0.882231
10.605 -0.917701 -0.960172 -0.917719 -0.169486 0.20308
10.705 -1.25185 -1.49364 -1.25185 0.436787 0.39663
10.805 -1.38229 -1.55504 -1.38229 -0.296155 0.252009
10.905 -1.54446 -1.57237 -1.54446 -1.03854 0.781551
11.005 -1.34851 -1.40311 -1.34852 0.344795 0.292701
11.105 -1.60259 -1.6737 -1.60259 1.16811 0.843541
11.205 -1.31395 -1.3828 -1.31396 -0.608684 0.526023
11.305 -1.51298 -1.66156 -1.51298 -0.215379 0.173553
11.405 -1.59902 -1.77075 -1.59902 0.260597 0.197882
11.505 -1.74513 -1.98133 -1.74513 -0.442801 0.300873
11.605 -1.91309 -2.26604 -1.91309 0.197871 0.166932
11.705 -2.06413 -2.49464 -2.06412 0.390207 0.251485
11.805 -2.17334 -2.58254 -2.17334 0.00247002 0.123092
11.905 -2.2882 -2.70637 -2.2882 0.561457 0.303844
12.005 -2.3926 -2.8877 -2.3926 0.626232 0.325785
12.105 -2.41777 -2.80669 -2.41777 -0.540793 0.278171
12.205 -2.45457 -2.79142 -2.45456 0.246594 0.148126
12.305 -2.45174 -2.70115 -2.45174 0.238356 0.132909
12.405 -2.46346 -2.74704 -2.46345 -0.606415 0.297229
12.505 -2.4798 -2.75784 -2.4798 0.37168 0.190559
12.605 -2.58564 -2.96087 -2.58563 -0.20447 0.133433
12.705 -2.63971 -2.99204 -2.63971 0.521081 0.246549
12.805 -2.70313 -3.08505 -2.70313 -0.0188209 0.0951422
12.905 -2.75737 -3.17136 -2.75737 0.155851 0.120052
13.005 -2.7987 -3.2231 -2.7987 -0.275844 0.152981
13.105 -2.84488 -3.24302 -2.84487 -0.252649 0.139931
13.205 -2.81733 -3.12316 -2.81733 0.836225 0.356785
13.305 -2.74542 -3.00198 -2.7454 -0.723994 0.317646
13.405 -2.69445 -2.92926 -2.69444 0.544098 0.245829
13.505 -2.70299 -2.9617 -2.703 0.194685 0.106971
13.605 -2.71225 -2.98145 -2.71224 -0.459726 0.210643
13.705 -2.81082 -3.1736 -2.81082 0.145029 0.105921
13.805 -2.90286 -3.35799 -2.90286 -0.0665804 0.108381
13.905 -2.96035 -3.40646 -2.96035 0.300337 0.155542
14.005 -3.01975 -3.51557 -3.01974 -0.25188 0.146485
14.105 -3.0546 -3.46639 -3.05459 -0.662209 0.269746
14.205 -2.96829 -3.25129 -2.96828 0.874174 0.354674
14.305 -2.83921 -3.04096 -2.83921 -0.392431 0.171604
14.405 -2.83097 -3.05891 -2.83097 -0.136335 0.0794237
14.505 -2.78537 -2.97452 -2.78537 1.08232 0.464854
14.605 -2.66871 -2.84978 -2.66871 -0.462643 0.211093
14.705 -2.74059 -3.0073 -2.74059 0.199985 0.108543
14.805 -2.81234 -3.14883 -2.81234 0.473635 0.213345
14.905 -2.80906 -3.07131 -2.80906 -0.745559 0.31997
15.005 -2.80568 -3.07244 -2.80568 0.401456 0.180956
15.105 -2.80212 -3.04848 -2.80212 0.424579 0.189085
15.205 -2.73049 -2.96799 -2.73049 -0.553127 0.246713
15.305 -2.78408 -3.0642 -2.78408 0.429 0.194038
15.405 -2.84282 -3.16564 -2.84282 -0.372304 0.172061
15.505 -2.87475 -3.19937 -2.87475 0.17003 0.10349
15.605 -2.91619 -3.26203 -2.91619 0.338261 0.15819
15.705 -2.90591 -3.24057 -2.90591 -0.103774 0.0887158
15.805 -2.90898 -3.22086 -2.90898 0.227445 0.117513
15.905 -2.92476 -3.22217 -2.92476 -0.740006 0.306667
16.005 -2.87406 -3.11841 -2.87406 0.754437 0.316662
16.105 -2.88964 -3.16954 -2.88964 -0.17311 0.0968507
16.205 -2.89889 -3.18087 -2.89889 -0.487608 0.209571
16.305 -2.87469 -3.15166 -2.87469 0.511631 0.220343
16.405 -2.89938 -3.17812 -2.89938 -0.631797 0.265841
16.505 -2.96254 -3.30607 -2.96254 0.207618 0.113999
16.605 -3.03704 -3.44994 -3.03704 -0.252207 0.133738
16.705 -3.0974 -3.57155 -3.0974 0.0523366 0.104856
16.805 -3.14432 -3.64975 -3.14432 0.28122 0.14994
16.905 -3.18192 -3.65311 -3.18192 -0.12723 0.11028
17.005 -3.21877 -3.68543 -3.21877 -0.154341 0.112874
17.105 -3.23254 -3.65356 -3.23254 0.61664 0.24105
17.205 -3.24225 -3.65469 -3.24225 -0.323777 0.14588
17.305 -3.27268 -3.66741 -3.27268 -0.440555 0.178792
17.405 -3.27483 -3.66826 -3.27483 0.260978 0.124653
17.505 -3.31834 -3.74877 -3.31834 0.253274 0.125862
17.605 -3.34453 -3.78771 -3.34453 -0.346103 0.151396
17.705 -3.36319 -3.80556 -3.36319 0.430915 0.17531
17.805 -3.38522 -3.83366 -3.38521 -0.364897 0.155564
17.905 -3.40033 -3.84416 -3.40032 0.0691295 0.0919419
18.005 -3.38497 -3.74022 -3.38497 0.777006 0.281809
18.105 -3.34062 -3.66547 -3.34062 -0.495014 0.188442
18.205 -3.37807 -3.74633 -3.37807 0.209436 0.104731
18.305 -3.4246 -3.84491 -3.42458 -0.0541407 0.0857505
18.405 -3.46187 -3.92207 -3.46187 0.0744707 0.093886
18.505 -3.49058 -3.97813 -3.49058 -0.194471 0.115252
18.605 -3.51296 -4.02025 -3.51296 0.0607829 0.100002
18.705 -3.53274 -4.05319 -3.53274 0.181848 0.116682
18.805 -3.55161 -4.08851 -3.55161 -0.11685 0.109363
18.905 -3.571 -4.12673 -3.571 -0.0190777 0.105414
19.005 -3.58727 -4.16258 -3.58727 -0.0595245 0.110026
19.105 -3.60213 -4.1898 -3.60213 0.0841561 0.113433
19.205 -3.61448 -4.21701 -3.61448 0.0718512 0.114759
19.305 -3.62773 -4.23382 -3.62773 -0.128332 0.119976
19.405 -3.63807 -4.23475 -3.63807 0.228859 0.132892
19.505 -3.63656 -4.17893 -3.63656 -0.170353 0.115109
19.605 -3.64537 -4.14987 -3.64537 -0.361715 0.150106
19.705 -3.62581 -4.07505 -3.62581 0.567948 0.20376
19.805 -3.60965 -4.03231 -3.60965 -0.502726 0.18354
19.905 -3.58939 -3.9814 -3.58939 0.5355 0.192448
20.005 -3.5903 -3.98804 -3.5903 -0.30427 0.126096
20.105 -3.61762 -4.04475 -3.61762 -0.193455 0.102693
20.205 -3.61781 -4.03732 -3.6178 0.344295 0.138007
20.305 -3.61196 -4.01823 -3.61195 -0.477563 0.174891
20.405 -3.60293 -3.99661 -3.60293 0.335751 0.133728
20.505 -3.61663 -4.02397 -3.61662 -0.115648 0.0860361
20.605 -3.62017 -4.03066 -3.62017 0.193343 0.10029
20.705 -3.63448 -4.05876 -3.63447 -0.0596612 0.0822714
20.805 -3.63974 -4.06647 -3.63973 -0.0312829 0.0809161
20.905 -3.63817 -4.05296 -3.63817 0.393961 0.150425
21.005 -3.62418 -4.02177 -3.62418 -0.35903 0.139741
21.105 -3.63654 -4.04824 -3.63654 0.234131 0.108931
21.205 -3.65552 -4.08786 -3.65552 -0.166041 0.0972392
21.305 -3.67293 -4.1248 -3.67293 -0.0707286 0.0871474
21.405 -3.68447 -4.1474 -3.68447 -0.0017744 0.0858412
21.505 -3.69884 -4.17526 -3.69884 -0.0639333 0.0902704
21.605 -3.71295 -4.20274 -3.71295 0.150133 0.101871
21.705 -3.72624 -4.23135 -3.72624 -0.113208 0.0990848
21.805 -3.73729 -4.2557 -3.73729 0.0089952 0.0944811
21.905 -3.7459 -4.27466 -3.7459 0.121223 0.103333
22.005 -3.74837 -4.26699 -3.74837 -0.329029 0.139987
22.105 -3.7517 -4.26496 -3.7517 0.189459 0.110631
22.205 -3.75402 -4.25802 -3.75402 -0.265563 0.123937
22.305 -3.75557 -4.25061 -3.75557 0.120326 0.0975944
22.405 -3.7604 -4.25289 -3.76039 -0.0243613 0.089726
22.505 -3.76904 -4.2689 -3.76903 0.0492714 0.0917988
22.605 -3.77943 -4.28955 -3.77942 0.0493046 0.0933175
22.705 -3.78868 -4.30994 -3.78868 0.0559826 0.0953562
22.805 -3.79329 -4.31805 -3.79329 -0.211361 0.114913
22.905 -3.79551 -4.31695 -3.79551 0.240073 0.119748
23.005 -3.79477 -4.31014 -3.79477 -0.197621 0.111158
23.105 -3.79404 -4.30096 -3.79404 0.165581 0.104735
23.205 -3.79193 -4.29236 -3.79193 -0.299456 0.12974
23.305 -3.78749 -4.27541 -3.78749 0.251863 0.118065
23.405 -3.77497 -4.23433 -3.77496 -0.314374 0.129204
23.505 -3.76373 -4.20164 -3.76372 0.160935 0.0945746
23.605 -3.75411 -4.17808 -3.75411 -0.189237 0.0979777
23.705 -3.74048 -4.14857 -3.74048 0.0057037 0.0749853
23.805 -3.7167 -4.09692 -3.7167 0.31455 0.12305
23.905 -3.67818 -4.03344 -3.67818 -0.463335 0.164479
24.005 -3.65099 -3.99318 -3.65099 0.563913 0.195522
24.105 -3.6278 -3.96173 -3.6278 -0.524366 0.184035
24.205 -3.63416 -3.98327 -3.63416 0.427321 0.15518
24.305 -3.64172 -4.00482 -3.64172 -0.400263 0.147939
24.405 -3.65021 -4.02607 -3.65021 0.211138 0.0988093
24.505 -3.66764 -4.06312 -3.66764 -0.0369054 0.0750256
24.605 -3.688 -4.10576 -3.688 -0.0599649 0.080054
24.705 -3.70989 -4.15184 -3.70989 -0.0646896 0.0841542
24.805 -3.7258 -4.18628 -3.7258 0.120511 0.092805
24.905 -3.73834 -4.2125 -3.73834 -0.196616 0.106708
25.005 -3.74572 -4.22122 -3.74572 0.219468 0.111059
25.105 -3.75283 -4.23259 -3.75283 -0.198207 0.107398
25.205 -3.76323 -4.24967 -3.76323 0.240221 0.116172
25.305 -3.76071 -4.22106 -3.76071 -0.460805 0.16768
25.405 -3.7411 -4.16063 -3.74109 0.543474 0.189099
25.505 -3.72469 -4.12921 -3.72469 -0.302396 0.122079
25.605 -3.68349 -4.04006 -3.68348 0.00555706 0.0667542
25.705 -3.66545 -4.01193 -3.66544 0.209552 0.0944143
25.805 -3.65018 -3.99444 -3.65018 -0.549446 0.191199
25.905 -3.63243 -3.96913 -3.63242 0.539308 0.188571
26.005 -3.62595 -3.96529 -3.62595 -0.426964 0.154746
26.105 -3.62236 -3.96808 -3.62236 0.251225 0.105736
26.205 -3.61465 -3.96067 -3.61465 0.0141552 0.0661281
26.305 -3.60881 -3.95648 -3.60881 -0.359152 0.136035
26.405 -3.6055 -3.96136 -3.60549 0.343898 0.13247
26.505 -3.61263 -3.98068 -3.61263 -0.396016 0.148188
26.605 -3.61799 -3.99213 -3.61798 0.402686 0.150389
26.705 -3.63266 -4.02106 -3.63266 -0.374821 0.143031
26.805 -3.64458 -4.04371 -3.64458 0.372171 0.142779
26.905 -3.65088 -4.05285 -3.65088 -0.413516 0.154384
27.005 -3.64207 -4.02411 -3.64207 0.550564 0.193861
27.105 -3.62503 -3.99003 -3.62503 -0.482337 0.173049
27.205 -3.61561 -3.97687 -3.61561 0.333627 0.129711
27.305 -3.608 -3.96554 -3.608 -0.015519 0.0683992
27.405 -3.60137 -3.95894 -3.60137 -0.125262 0.0799242
27.505 -3.606 -3.97039 -3.60599 0.337608 0.13143
27.605 -3.61888 -3.99749 -3.61888 -0.347805 0.13511
27.705 -3.64994 -4.06308 -3.64994 0.125601 0.0877037
27.805 -3.6755 -4.11934 -3.6755 -0.119801 0.0912012
27.905 -3.69314 -4.1549 -3.69314 0.133071 0.0954986
28.005 -3.70592 -4.17804 -3.70592 -0.188237 0.105739
28.105 -3.71797 -4.19861 -3.71797 0.211551 0.110972
28.205 -3.73172 -4.22828 -3.73172 -0.0944603 0.095545
28.305 -3.7434 -4.25216 -3.7434 -0.000514019 0.0926154
28.405 -3.75248 -4.27217 -3.75248 0.0404335 0.0951606
28.505 -3.76008 -4.28891 -3.76008 -0.00882986 0.0957562
28.605 -3.76691 -4.30026 -3.76691 0.0100535 0.0963917
28.705 -3.77345 -4.31468 -3.77345 -0.0261275 0.0978841
28.805 -3.77882 -4.32651 -3.77882 0.000188138 0.0985271
28.905 -3.78346 -4.33672 -3.78346 -0.0573872 0.100963
29.005 -3.78752 -4.34566 -3.78752 0.0351131 0.100703
29.105 -3.79109 -4.35354 -3.79109 -0.0942583 0.104919
29.205 -3.79339 -4.35371 -3.79339 0.0820027 0.103514
29.305 -3.79709 -4.35483 -3.79709 0.007566 0.0998376
29.405 -3.80134 -4.36287 -3.80134 -0.0100404 0.100404
29.505 -3.80488 -4.37067 -3.80488 0.0879732 0.104594
29.605 -3.80745 -4.37633 -3.80745 -0.0680273 0.103612
29.705 -3.80954 -4.38095 -3.80954 0.0589874 0.103451
29.805 -3.81134 -4.3849 -3.81134 0.0755136 0.104781
29.905 -3.8129 -4.38833 -3.8129 -0.117121 0.108618
30.005 -3.81427 -4.39135 -3.81427 -0.00390226 0.102692
30.105 -3.81548 -4.39402 -3.81548 0.0655008 0.104861
30.205 -3.81665 -4.39536 -3.81665 -0.0966336 0.107119
30.305 -3.81789 -4.39565 -3.81789 0.110157 0.108166
30.405 -3.81905 -4.39684 -3.81905 -0.131474 0.110372
30.505 -3.82088 -4.40086 -3.82088 0.108825 0.108315
30.605 -3.82175 -4.40278 -3.82175 -0.103399 0.107958
30.705 -3.82242 -4.40426 -3.82242 0.0444083 0.104186
30.805 -3.82298 -4.40549 -3.82298 -0.0722928 0.10575
30.905 -3.82347 -4.40656 -3.82347 0.0581354 0.105006
31.005 -3.82389 -4.4075 -3.82389 -0.0607182 0.105218
31.105 -3.82427 -4.40832 -3.82427 0.0456204 0.104561
31.205 -3.8246 -4.40905 -3.8246 -0.0356349 0.104252
31.305 -3.82489 -4.40969 -3.82489 0.0314973 0.104178
31.405 -3.82515 -4.41026 -3.82515 -0.0280371 0.104131
31.505 -3.82538 -4.41076 -3.82538 0.0222436 0.10404
31.605 -3.82558 -4.41121 -3.82558 -0.00951936 0.103892
31.705 -3.82576 -4.41161 -3.82576 0.00309017 0.103888
31.805 -3.82592 -4.41196 -3.82592 0.000571093 0.103912
31.905 -3.82606 -4.41227 -3.82606 -0.00485946 0.103948
32.005 -3.82618 -4.41254 -3.82618 -0.00765621 0.103986
32.105 -3.82629 -4.41279 -3.82629 0.00368276 0.103985
32.205 -3.82639 -4.413 -3.82639 0.00516368 0.104008
32.305 -3.82648 -4.41319 -3.82648 -0.0104219 0.104061
32.405 -3.82656 -4.41336 -3.82656 0.00776023 0.104053
