0.005 -14.0308 -30.9015 -14.0308 -1.9792e-10 0.629798
0.105 -14.0335 -30.8934 -14.0334 0.193963 0.629552
0.205 -14.0339 -30.8916 -14.0339 0.0561965 0.629359
0.305 -14.0366 -30.8877 -14.0366 -0.0421474 0.629097
0.405 -14.0385 -30.887 -14.0385 0.0307085 0.628964
0.505 -14.0435 -30.877 -14.0435 -0.354628 0.62882
0.605 -14.047 -30.8783 -14.047 -0.11747 0.628276
0.705 -14.0508 -30.8732 -14.0508 0.0577045 0.627884
0.805 -14.097 -30.7796 -14.0971 0.167419 0.622758
0.905 -14.1277 -30.7824 -14.1277 -0.144696 0.621022
1.005 -14.1484 -30.7954 -14.1485 0.0615774 0.620109
1.105 -14.212 -30.6131 -14.212 -1.72411 0.621561
1.205 -14.5147 -29.9799 -14.5147 1.52888 0.585275
1.305 -14.932 -29.283 -14.9319 -1.07396 0.538551
1.405 -15.5818 -28.1094 -15.5817 -3.44735 0.515384
1.505 -16.1915 -26.2419 -16.1914 3.27154 0.433183
1.605 -16.5017 -25.5599 -16.5016 -3.93855 0.42619
1.705 -16.7677 -24.8156 -16.7677 2.69735 0.351005
1.805 -17.1148 -25.4667 -17.1149 2.13363 0.336783
1.905 -17.3324 -25.8087 -17.3324 -2.08288 0.33537
2.005 -17.519 -26.0367 -17.519 -1.64397 0.323763
2.105 -17.6816 -25.8608 -17.6817 2.23048 0.3253
2.205 -17.8944 -26.2801 -17.8944 -0.970408 0.30341
2.305 -18.1412 -26.6607 -18.1412 -0.713032 0.301187
2.405 -18.2352 -26.5687 -18.2353 1.3473 0.302317
2.505 -18.2972 -26.3544 -18.2972 -4.71443 0.401318
2.605 -18.2344 -25.7998 -18.2346 5.78296 0.44389
2.705 -18.1785 -25.6766 -18.1786 -3.14325 0.328912
2.805 -17.9176 -24.9448 -17.9177 3.74405 0.346369
2.905 -17.9276 -24.5213 -17.9276 2.01451 0.272015
3.005 -17.868 -23.6099 -17.8683 -4.40579 0.354221
3.105 -17.7748 -22.8844 -17.7753 7.65667 0.535307
3.205 -17.5208 -22.0851 -17.5212 -3.70911 0.30357
3.305 -17.6521 -22.1169 -17.6524 2.91467 0.258289
3.405 -18.1294 -22.4511 -18.1297 7.73097 0.527509
3.505 -17.872 -22.2658 -17.8722 -1.93661 0.20972
3.605 -18.0073 -22.4589 -18.0074 0.765229 0.17483
3.705 -18.2544 -22.6453 -18.2546 6.73118 0.463582
3.805 -18.3212 -20.0143 -18.321 -10.0667 0.680383
3.905 -17.8442 -18.5517 -17.844 -1.63243 0.118204
4.005 -16.7699 -17.126 -16.7698 6.73991 0.506781
4.105 -16.6457 -16.9756 -16.6456 4.28518 0.324911
4.205 -15.5183 -16.0278 -15.5182 -2.8997 0.235655
4.305 -15.9933 -16.6815 -15.9932 6.92664 0.542646
4.405 -15.5216 -15.841 -15.5215 -5.57185 0.452466
4.505 -16.4032 -16.5572 -16.4032 -11.0856 0.854954
4.605 -17.6905 -18.0037 -17.6905 -12.6262 0.901098
4.705 -19.1484 -19.2083 -19.1484 -12.2412 0.811419
4.805 -15.0146 -15.1778 -15.0146 1.55877 0.131399
4.905 -13.9795 -14.0827 -13.9795 6.96155 0.629428
5.005 -14.6102 -15.0928 -14.6102 8.7358 0.750117
5.105 -15.069 -15.8468 -15.069 9.13375 0.756581
5.205 -13.6357 -14.261 -13.6357 -1.63874 0.153556
5.305 -14.4332 -14.7384 -14.4332 9.15269 0.798297
5.405 -13.5834 -13.9317 -13.5834 0.97897 0.0924104
5.505 -12.8387 -12.9453 -12.8387 -8.68683 0.85415
5.605 -12.4234 -12.9871 -12.4233 -2.50812 0.253803
5.705 -11.0994 -11.1998 -11.0994 6.64885 0.754692
5.805 -11.3004 -11.5167 -11.3004 2.5278 0.281287
5.905 -10.453 -10.9662 -10.453 -3.95863 0.471854
6.005 -10.3801 -10.7991 -10.3801 1.79161 0.216992
6.105 -10.2357 -10.556 -10.2357 -5.30497 0.64789
6.205 -11.582 -11.6928 -11.582 -8.11197 0.882723
6.305 -12.7484 -13.7336 -12.7485 -4.35461 0.425186
6.405 -10.5219 -10.6371 -10.5219 6.53417 0.78134
6.505 -13.6278 -13.5389 -13.6278 10.2043 0.950504
6.605 -13.7336 -13.9184 -13.7335 3.64613 0.334969
6.705 -11.737 -12.1462 -11.737 -0.98203 0.107581
6.805 -13.6498 -13.7242 -13.6498 10.3044 0.954521
6.905 -8.60728 -8.72282 -8.60726 -2.88952 0.420839
7.005 -9.48358 -9.54761 -9.48359 -6.45117 0.855729
7.105 -14.7647 -14.5202 -14.7647 -11.0267 0.952036
7.205 -12.7768 -12.594 -12.7768 -3.66249 0.364698
7.305 -9.91376 -10.2543 -9.91376 -0.741777 0.0965651
7.405 -10.2462 -10.9707 -10.2462 -2.83146 0.344573
7.505 -10.6212 -11.4433 -10.6212 -3.31085 0.387801
7.605 -10.5883 -11.6328 -10.5883 -1.17431 0.15249
7.705 -8.87649 -8.92267 -8.87649 4.65206 0.658931
7.805 -9.04788 -9.36989 -9.04788 2.79544 0.385589
7.905 -7.61574 -7.72651 -7.61574 -4.05314 0.665372
8.005 -6.56567 -6.80135 -6.56567 2.60725 0.492167
8.105 -8.03444 -8.11103 -8.03444 5.90153 0.920644
8.205 -8.53918 -9.00456 -8.53919 4.08765 0.593191
8.305 -7.53189 -8.06553 -7.53195 -0.22464 0.0621291
8.405 -6.73762 -7.11884 -6.73766 1.52816 0.281898
8.505 -8.24722 -9.05119 -8.24711 6.40461 0.949082
8.605 -8.45891 -9.31919 -8.45894 1.6622 0.24976
8.705 -7.20607 -7.35525 -7.20606 -4.61729 0.798657
8.805 -8.65915 -8.71678 -8.65914 -6.5492 0.950085
8.905 -12.4974 -12.1524 -12.4974 -9.38699 0.959412
9.005 -9.46024 -9.56573 -9.46025 -1.25105 0.166306
9.105 -7.06285 -7.12 -7.06284 4.32752 0.766428
9.205 -6.87178 -7.4931 -6.87178 0.328951 0.0862325
9.305 -7.40852 -8.68071 -7.40853 -0.119767 0.1194
9.405 -8.11003 -9.42926 -8.11003 1.55887 0.255411
9.505 -9.50248 -9.86532 -9.50247 6.15993 0.807641
9.605 -10.7846 -11.0001 -10.7846 7.02674 0.817716
9.705 -7.33832 -7.55554 -7.33832 -2.85295 0.483744
9.805 -8.43473 -9.2148 -8.43473 -4.91824 0.715131
9.905 -9.16977 -10.737 -9.16977 -3.14897 0.426326
10.005 -9.96923 -12.2168 -9.96923 -3.60937 0.451949
10.105 -9.48863 -10.3396 -9.48863 2.50464 0.329434
10.205 -9.86742 -10.9614 -9.86743 -1.04445 0.150559
10.305 -10.8367 -12.0378 -10.8367 -5.13502 0.582744
10.405 -10.1369 -11.044 -10.1369 2.37546 0.294183
10.505 -11.1101 -12.5671 -11.1101 4.24984 0.472344
10.605 -11.4127 -13.0803 -11.4127 -0.358904 0.10858
10.705 -12.3581 -14.72 -12.3581 3.04712 0.321546
10.805 -12.7864 -14.7206 -12.7864 -1.90156 0.207937
10.905 -13.632 -15.1253 -13.632 -5.38164 0.488771
11.005 -12.8063 -14.0109 -12.8063 3.31539 0.324759
11.105 -13.6424 -15.1745 -13.6424 3.97369 0.36448
11.205 -12.9475 -14.1817 -12.9475 -4.37286 0.42
11.305 -13.6579 -15.6777 -13.6579 -2.05386 0.208857
11.405 -13.9207 -15.9981 -13.9207 2.13882 0.212703
11.505 -14.5476 -17.0898 -14.5476 -2.61756 0.247213
11.605 -15.2209 -18.2665 -15.2209 1.58086 0.184783
11.705 -15.9097 -19.297 -15.9097 2.34018 0.227204
11.805 -16.3698 -20.063 -16.3698 -0.951329 0.168434
11.905 -16.8797 -20.7723 -16.8797 3.18481 0.272352
12.005 -17.4782 -21.4416 -17.4782 2.84495 0.246724
12.105 -17.5476 -20.9444 -17.5476 -4.15361 0.312371
12.205 -17.677 -21.1085 -17.677 1.62909 0.173134
12.305 -17.892 -21.109 -17.892 0.91463 0.138698
12.405 -18.046 -21.0583 -18.046 -4.2478 0.306128
12.505 -18.1036 -21.1779 -18.1036 1.76874 0.166441
12.605 -18.6005 -22.1551 -18.6005 -1.44568 0.161248
12.705 -18.8924 -22.3846 -18.8924 3.13172 0.236038
12.805 -19.2045 -22.9022 -19.2045 0.226953 0.133538
12.905 -19.4753 -23.3874 -19.4753 1.10784 0.153921
13.005 -19.7257 -23.752 -19.7257 -1.72307 0.17463
13.105 -19.998 -23.8498 -19.998 -1.80277 0.171047
13.205 -19.9713 -23.1925 -19.9713 5.32155 0.340575
13.305 -19.6273 -22.421 -19.6273 -4.9883 0.324179
13.405 -19.359 -22.064 -19.359 3.59214 0.245742
13.505 -19.6432 -22.4776 -19.6432 1.844 0.152235
13.605 -19.6915 -22.5999 -19.6915 -2.65324 0.193205
13.705 -20.148 -23.5485 -20.148 0.401825 0.119738
13.805 -20.5747 -24.454 -20.5747 -0.864583 0.139624
13.905 -20.8788 -24.8675 -20.8788 1.42065 0.154969
14.005 -21.1524 -25.382 -21.1525 -1.48846 0.161236
14.105 -21.4007 -25.1086 -21.4007 -4.72356 0.291433
14.205 -20.9396 -23.854 -20.9396 5.86216 0.354004
14.305 -20.3482 -22.9789 -20.3482 -2.60435 0.180612
14.405 -20.4232 -23.1437 -20.4232 -0.922945 0.108602
14.505 -20.288 -22.5666 -20.288 7.11219 0.436928
14.605 -19.5374 -21.8678 -19.5374 -2.735 0.190727
14.705 -19.8512 -22.6014 -19.8512 0.742543 0.107305
14.805 -20.193 -23.2584 -20.193 2.49051 0.183122
14.905 -20.1805 -22.8953 -20.1805 -4.87953 0.30905
15.005 -20.0446 -22.8091 -20.0446 2.90368 0.200934
15.105 -20.1284 -22.7998 -20.1284 2.65893 0.185941
15.205 -19.7951 -22.456 -19.7951 -3.63822 0.242757
15.305 -20.0071 -22.8971 -20.0071 2.81804 0.19856
15.405 -20.2875 -23.4265 -20.2875 -2.52584 0.185295
15.505 -20.4637 -23.7198 -20.4637 0.70507 0.118486
15.605 -20.6269 -23.9294 -20.6269 1.32122 0.135774
15.705 -20.6627 -23.9964 -20.6627 -1.15205 0.131017
15.805 -20.7723 -24.1269 -20.7723 1.62131 0.146746
15.905 -20.8149 -23.8752 -20.8149 -5.02499 0.310246
16.005 -20.5172 -23.3177 -20.5172 4.96649 0.30963
16.105 -20.5155 -23.4984 -20.5155 -1.07866 0.120134
16.205 -20.659 -23.6226 -20.659 -2.94876 0.200284
16.305 -20.5421 -23.4999 -20.5421 3.41655 0.225619
16.405 -20.6577 -23.6958 -20.6577 -3.67426 0.238931
16.505 -20.9336 -24.3065 -20.9336 1.38207 0.13769
16.605 -21.2979 -25.0493 -21.2979 -1.56081 0.150608
16.705 -21.6224 -25.7004 -21.6224 0.453235 0.132729
16.805 -21.8699 -26.0304 -21.8699 2.24615 0.179909
16.905 -22.0597 -26.2952 -22.0597 -0.822446 0.139857
17.005 -22.2864 -26.5511 -22.2864 -1.53241 0.155657
17.105 -22.366 -26.3239 -22.366 3.81132 0.238738
17.205 -22.4118 -26.3392 -22.4117 -2.21974 0.170218
17.305 -22.6337 -26.4555 -22.6337 -3.07434 0.201421
17.405 -22.586 -26.3806 -22.586 1.74272 0.149357
17.505 -22.8315 -26.8334 -22.8315 1.82918 0.155191
17.605 -22.9632 -27.0307 -22.9632 -2.29092 0.171685
17.705 -23.0846 -27.2233 -23.0846 2.52741 0.180943
17.805 -23.1866 -27.3489 -23.1866 -2.58829 0.182923
17.905 -23.2663 -27.4353 -23.2663 0.59473 0.127986
18.005 -23.2892 -26.9512 -23.2892 4.18392 0.24342
18.105 -23.0245 -26.505 -23.0245 -3.26284 0.201641
18.205 -23.1874 -26.8881 -23.1874 1.27347 0.129625
18.305 -23.4356 -27.424 -23.4356 -0.153922 0.11861
18.405 -23.6306 -27.8424 -23.6306 0.700687 0.128668
18.505 -23.782 -28.1311 -23.782 -1.3678 0.144253
18.605 -23.9279 -28.4428 -23.9279 0.162451 0.130724
18.705 -24.0412 -28.6285 -24.0412 1.21948 0.145164
18.805 -24.1586 -28.8532 -24.1586 -0.815743 0.140083
18.905 -24.2731 -29.0936 -24.2731 -0.120931 0.13704
19.005 -24.3699 -29.3067 -24.3699 -0.388611 0.140779
19.105 -24.4507 -29.4846 -24.4507 0.53345 0.143987
19.205 -24.5244 -29.647 -24.5244 -0.155999 0.14375
19.305 -24.5895 -29.7671 -24.5895 -0.866177 0.150582
19.405 -24.6461 -29.735 -24.6461 1.83044 0.167315
19.505 -24.6501 -29.5381 -24.6501 -0.926682 0.143912
19.605 -24.6935 -29.3662 -24.6935 -2.2383 0.170019
19.705 -24.5816 -28.9394 -24.5816 3.30044 0.202953
19.805 -24.468 -28.6167 -24.468 -3.4958 0.208697
19.905 -24.3646 -28.361 -24.3646 3.24555 0.197282
20.005 -24.3506 -28.3602 -24.3506 -1.88413 0.147928
20.105 -24.5029 -28.6582 -24.5029 -0.874461 0.125576
20.205 -24.4954 -28.6226 -24.4953 2.02353 0.153837
20.305 -24.4481 -28.4812 -24.4481 -3.21363 0.195884
20.405 -24.4042 -28.404 -24.4042 2.20354 0.157885
20.505 -24.4691 -28.54 -24.4691 -0.823455 0.122767
20.605 -24.5168 -28.6394 -24.5168 0.928099 0.125623
20.705 -24.5785 -28.7707 -24.5785 -0.407858 0.120301
20.805 -24.605 -28.826 -24.605 -0.0891691 0.11936
20.905 -24.6019 -28.751 -24.6019 2.58507 0.172678
21.005 -24.519 -28.5803 -24.519 -2.78886 0.179289
21.105 -24.5581 -28.6899 -24.5581 1.44044 0.136793
21.205 -24.6583 -28.8982 -24.6583 -0.83527 0.126308
21.305 -24.7507 -29.105 -24.7507 -0.00576464 0.122158
21.405 -24.8217 -29.2565 -24.8217 0.187489 0.124286
21.505 -24.9075 -29.4339 -24.9075 -0.521848 0.128449
21.605 -24.9868 -29.6009 -24.9868 1.104 0.138427
21.705 -25.0597 -29.7615 -25.0597 -0.625538 0.133215
21.805 -25.1207 -29.8957 -25.1206 0.233956 0.131889
21.905 -25.1737 -30.0125 -25.1737 1.02475 0.141457
22.005 -25.1928 -29.9975 -25.1928 -2.06646 0.164389
22.105 -25.2041 -29.9851 -25.2041 1.32118 0.145415
22.205 -25.2187 -29.9697 -25.2187 -1.72409 0.153921
22.305 -25.2249 -29.9252 -25.2249 0.822681 0.134775
22.405 -25.2663 -29.9641 -25.2663 -0.155446 0.128927
22.505 -25.3031 -30.0322 -25.303 0.111781 0.129458
22.605 -25.3575 -30.1477 -25.3575 0.435606 0.132266
22.705 -25.4038 -30.2496 -25.4038 0.446974 0.13353
22.805 -25.4373 -30.317 -25.4373 -1.33606 0.146715
22.905 -25.4404 -30.2997 -25.4404 1.63982 0.152923
23.005 -25.4399 -30.2759 -25.4399 -1.19532 0.142971
23.105 -25.4332 -30.2373 -25.4332 1.07173 0.140061
23.205 -25.4196 -30.192 -25.4196 -1.80784 0.155367
23.305 -25.3992 -30.1093 -25.3992 1.67155 0.15072
23.405 -25.3295 -29.9084 -25.3295 -2.02696 0.157955
23.505 -25.2715 -29.7185 -25.2715 0.995848 0.13107
23.605 -25.218 -29.5821 -25.218 -1.20425 0.133317
23.705 -25.1507 -29.3992 -25.1507 -0.143471 0.117762
23.805 -25.067 -29.1207 -25.067 2.15576 0.15336
23.905 -24.8697 -28.7627 -24.8697 -2.58502 0.166672
24.005 -24.7355 -28.5211 -24.7355 3.73038 0.211731
24.105 -24.6107 -28.3606 -24.6106 -2.99661 0.181997
24.205 -24.6222 -28.4369 -24.6222 2.72453 0.172249
24.305 -24.6292 -28.4962 -24.6292 -2.63492 0.169645
24.405 -24.6697 -28.6191 -24.6697 1.22869 0.126898
24.505 -24.7646 -28.815 -24.7646 -0.0298787 0.114022
24.605 -24.8582 -29.0309 -24.8582 -0.420199 0.118618
24.705 -24.9702 -29.2775 -24.9702 -0.158701 0.120155
24.805 -25.0605 -29.4723 -25.0605 0.690034 0.126652
24.905 -25.1361 -29.6359 -25.1361 -1.29247 0.138714
25.005 -25.1786 -29.6905 -25.1785 1.59577 0.145784
25.105 -25.2347 -29.8019 -25.2347 -0.910855 0.132763
25.205 -25.2905 -29.9067 -25.2905 1.62145 0.148065
25.305 -25.2851 -29.7787 -25.285 -2.80295 0.181586
25.405 -25.1767 -29.4522 -25.1767 3.42324 0.202012
25.505 -25.0464 -29.198 -25.0464 -2.08562 0.153064
25.605 -24.9093 -28.8219 -24.9093 -0.205042 0.110167
25.705 -24.8274 -28.6324 -24.8274 1.3832 0.126656
25.805 -24.7377 -28.4903 -24.7377 -3.05611 0.18352
25.905 -24.6138 -28.2995 -24.6138 3.4748 0.200732
26.005 -24.5594 -28.2619 -24.5594 -2.78622 0.173331
26.105 -24.5258 -28.2604 -24.5258 1.64533 0.133986
26.205 -24.5137 -28.2517 -24.5137 0.253784 0.107395
26.305 -24.4897 -28.2121 -24.4897 -2.25755 0.154218
26.405 -24.4537 -28.2222 -24.4537 2.34488 0.158393
26.505 -24.4822 -28.3212 -24.4822 -2.49504 0.164923
26.605 -24.5142 -28.4261 -24.5142 2.11435 0.152555
26.705 -24.5836 -28.5811 -24.5836 -2.25981 0.158678
26.805 -24.6374 -28.6978 -24.6374 2.34052 0.16227
26.905 -24.668 -28.7495 -24.668 -2.63602 0.172947
27.005 -24.6271 -28.6189 -24.6271 3.32672 0.198494
27.105 -24.5315 -28.4356 -24.5315 -3.03186 0.186186
27.205 -24.4647 -28.3393 -24.4647 2.10633 0.151872
27.305 -24.446 -28.2911 -24.446 -0.0260932 0.109855
27.405 -24.4463 -28.2873 -24.4463 -1.06829 0.121807
27.505 -24.4441 -28.3173 -24.4441 2.27148 0.157679
27.605 -24.5091 -28.4745 -24.5091 -1.79128 0.143271
27.705 -24.6527 -28.7813 -24.6527 0.668813 0.121093
27.805 -24.7846 -29.071 -24.7846 -0.933657 0.128472
27.905 -24.8784 -29.262 -24.8784 0.961281 0.130868
28.005 -24.9638 -29.439 -24.9638 -1.06714 0.134541
28.105 -25.0353 -29.5771 -25.0353 1.24553 0.139227
28.205 -25.1112 -29.7443 -25.1112 -0.595551 0.130908
28.305 -25.1718 -29.8777 -25.1718 -0.00150469 0.129378
28.405 -25.2263 -29.9977 -25.2263 0.364252 0.131947
28.505 -25.2736 -30.1019 -25.2736 -0.215966 0.132439
28.605 -25.3174 -30.1828 -25.3174 -0.00921851 0.132782
28.705 -25.3559 -30.2676 -25.3559 -0.0949715 0.133854
28.805 -25.3892 -30.3409 -25.3892 -0.0339621 0.134647
28.905 -25.4184 -30.4052 -25.4184 -0.29494 0.136096
29.005 -25.4441 -30.4618 -25.4441 0.183989 0.136321
29.105 -25.4668 -30.5118 -25.4668 -0.736653 0.14093
29.205 -25.4899 -30.5248 -25.4899 0.460056 0.137951
29.305 -25.5099 -30.5377 -25.5099 0.144913 0.136147
29.405 -25.5311 -30.5845 -25.5311 -0.0636064 0.136552
29.505 -25.5496 -30.6251 -25.5496 0.567669 0.139536
29.605 -25.5647 -30.6585 -25.5647 -0.391245 0.138585
29.705 -25.5776 -30.6869 -25.5776 0.256717 0.138223
29.805 -25.5888 -30.7116 -25.5888 0.418573 0.139362
29.905 -25.5987 -30.7334 -25.5987 -0.610526 0.141138
30.005 -25.6074 -30.7525 -25.6074 0.0961704 0.13853
30.105 -25.6151 -30.7695 -25.6151 0.261088 0.139184
30.205 -25.6219 -30.7816 -25.6219 -0.662907 0.142146
30.305 -25.6263 -30.7913 -25.6263 0.835041 0.144205
30.405 -25.6318 -30.8034 -25.6318 -0.802 0.143929
30.505 -25.6372 -30.8154 -25.6372 0.723011 0.143151
30.605 -25.6421 -30.8261 -25.6421 -0.594009 0.141978
30.705 -25.6461 -30.835 -25.6461 0.375582 0.140455
30.805 -25.6496 -30.8426 -25.6496 -0.44343 0.140968
30.905 -25.6526 -30.8494 -25.6526 0.376545 0.140623
31.005 -25.6553 -30.8553 -25.6553 -0.350094 0.140542
31.105 -25.6577 -30.8605 -25.6577 0.293915 0.140323
31.205 -25.6598 -30.8651 -25.6598 -0.235317 0.140136
31.305 -25.6617 -30.8692 -25.6617 0.201359 0.140069
31.405 -25.6633 -30.8729 -25.6633 -0.172574 0.140027
31.505 -25.6648 -30.8761 -25.6648 0.12521 0.139955
31.605 -25.6661 -30.8789 -25.6661 -0.0711177 0.139905
31.705 -25.6672 -30.8814 -25.6672 0.0258328 0.1399
31.805 -25.6682 -30.8837 -25.6682 0.00475647 0.139921
31.905 -25.6691 -30.8857 -25.6691 -0.0376453 0.139954
32.005 -25.6699 -30.8874 -25.6699 -0.0565815 0.139988
32.105 -25.6706 -30.889 -25.6706 0.0118897 0.139982
32.205 -25.6712 -30.8903 -25.6712 0.0268453 0.140002
32.305 -25.6718 -30.8916 -25.6718 -0.0485223 0.140028
32.405 -25.6723 -30.8926 -25.6723 0.0663808 0.140057
