0.005 -26.0572 -57.3885 -26.0572 7.21141e-06 0.631976
0.105 -26.0596 -57.3823 -26.0596 0.213102 0.631855
0.205 -26.0615 -57.3754 -26.0615 0.0735714 0.631655
0.305 -26.0641 -57.3698 -26.0641 -0.0812812 0.631494
0.405 -26.0657 -57.3684 -26.0657 0.0973329 0.631426
0.505 -26.0702 -57.3599 -26.0702 -0.448907 0.631346
0.605 -26.0717 -57.357 -26.0717 -0.0352267 0.631063
0.705 -26.0788 -57.3447 -26.0788 -0.205812 0.630702
0.805 -26.0935 -57.299 -26.0935 -0.443017 0.629726
0.905 -26.0886 -57.2837 -26.0886 -0.438927 0.629657
1.005 -26.0985 -57.2607 -26.0985 0.111767 0.628836
1.105 -26.1962 -57.0121 -26.1962 -2.57301 0.62861
1.205 -26.5389 -56.0956 -26.5389 3.07016 0.607573
1.305 -26.8572 -55.338 -26.8572 -1.51401 0.579282
1.405 -27.7141 -53.4897 -27.7141 -3.63346 0.538049
1.505 -28.5991 -51.1022 -28.599 4.57601 0.486559
1.605 -29.1704 -49.5242 -29.1703 -7.4745 0.493923
1.705 -29.3719 -49.319 -29.3718 1.24273 0.410057
1.805 -29.6174 -49.372 -29.6174 2.0787 0.408357
1.905 -29.867 -49.6573 -29.8669 -3.64172 0.419397
2.005 -30.1525 -50.2789 -30.1525 -2.3519 0.410163
2.105 -30.3294 -50.4676 -30.3293 2.27256 0.407867
2.205 -30.5082 -50.7574 -30.5081 -2.54562 0.409553
2.305 -30.7579 -51.233 -30.7578 -0.238356 0.401239
2.405 -30.9655 -51.2745 -30.9654 3.0506 0.409495
2.505 -31.0612 -50.9346 -31.0611 -5.86074 0.436034
2.605 -31.0666 -50.268 -31.0666 7.1159 0.44841
2.705 -31.0588 -49.6255 -31.0587 -7.53442 0.448618
2.805 -30.962 -48.9803 -30.9619 4.99386 0.398078
2.905 -31.4671 -47.3612 -31.4671 1.96929 0.325549
3.005 -32.0346 -46.003 -32.0347 -5.39877 0.337311
3.105 -32.2676 -45.0109 -32.2677 11.7397 0.483844
3.205 -31.9137 -44.1853 -31.9139 -5.92083 0.32701
3.305 -32.1731 -44.6778 -32.1732 2.99022 0.2742
3.405 -32.4957 -44.7482 -32.4959 9.97778 0.426391
3.505 -32.0406 -44.1008 -32.0408 -3.85793 0.281487
3.605 -32.2204 -44.4474 -32.2205 1.99873 0.257762
3.705 -32.4234 -44.4605 -32.4235 7.99496 0.370751
3.805 -33.3821 -39.6312 -33.3819 -17.5688 0.644833
3.905 -33.2003 -38.0392 -33.2002 -1.86318 0.122983
4.005 -32.9162 -34.3761 -32.9161 14.7282 0.562991
4.105 -33.1671 -34.9595 -33.167 5.43918 0.209045
4.205 -32.7758 -34.8325 -32.7758 -1.10649 0.0618323
4.305 -33.6514 -35.9183 -33.6514 11.6519 0.434463
4.405 -32.8675 -33.8628 -32.8675 -11.7289 0.450883
4.505 -33.967 -34.6167 -33.9671 -19.6335 0.732363
4.605 -35.3314 -35.6604 -35.3314 -23.5961 0.84895
4.705 -36.4193 -37.473 -36.4193 -18.7335 0.650052
4.805 -30.2815 -30.8876 -30.2816 4.21847 0.176937
4.905 -29.6091 -30.1821 -29.6091 13.5663 0.580185
5.005 -30.6435 -32.3879 -30.6435 13.9511 0.570855
5.105 -32.2563 -33.3506 -32.2563 14.558 0.569364
5.205 -30.9482 -32.4417 -30.9482 -0.0052354 0.0349444
5.305 -32.1746 -33.6253 -32.1746 17.9626 0.701824
5.405 -29.592 -30.8518 -29.5921 -3.46678 0.150381
5.505 -29.5119 -30.3839 -29.5119 -11.9643 0.511932
5.605 -28.8022 -30.2653 -28.802 -0.598294 0.0450252
5.705 -28.1741 -28.7883 -28.1738 14.8575 0.667054
5.805 -26.3312 -27.2504 -26.3312 -3.39382 0.164202
5.905 -27.0517 -28.4967 -27.0517 -6.96194 0.324327
6.005 -27.1874 -28.7386 -27.1875 5.86024 0.272527
6.105 -27.6881 -28.5589 -27.6881 -12.5856 0.573393
6.205 -29.0466 -29.9178 -29.0466 -15.1019 0.656169
6.305 -27.6268 -28.876 -27.6268 -0.872673 0.0514194
6.405 -26.6839 -27.0173 -26.6839 15.3175 0.727981
6.505 -28.8365 -29.4414 -28.8365 19.296 0.846655
6.605 -26.8595 -28.4797 -26.8595 2.70731 0.133134
6.705 -27.0882 -29.0701 -27.0881 0.823777 0.0647141
6.805 -28.0384 -29.4472 -28.0385 12.4928 0.55938
6.905 -23.4582 -24.2302 -23.4582 -7.55991 0.406332
7.005 -25.8037 -25.8349 -25.8038 -18.3714 0.906038
7.105 -27.0734 -28.4577 -27.0734 -13.4913 0.625097
7.205 -24.3827 -25.6956 -24.3827 -2.21401 0.120007
7.305 -24.3855 -26.4934 -24.3855 -5.96846 0.309051
7.405 -25.4179 -27.8985 -25.4179 -8.15829 0.401837
7.505 -26.3472 -29.3665 -26.3472 -5.61415 0.273688
7.605 -26.2222 -28.474 -26.2222 1.92557 0.109689
7.705 -24.4582 -24.8142 -24.4582 11.4722 0.594195
7.805 -23.9831 -25.1928 -23.9831 -0.136173 0.0371346
7.905 -23.8728 -24.9779 -23.8728 -8.23659 0.433706
8.005 -23.3538 -24.0957 -23.3538 11.0568 0.59656
8.105 -24.8521 -25.0579 -24.8521 15.5534 0.794425
8.205 -23.0341 -23.961 -23.0341 2.59131 0.144222
8.305 -22.587 -23.8524 -22.5872 -3.16267 0.179475
8.405 -22.688 -23.9335 -22.688 7.50308 0.415075
8.505 -23.9418 -25.5134 -23.9418 12.6421 0.659333
8.605 -22.6717 -24.1696 -22.6718 -2.32463 0.136186
8.705 -22.5622 -23.0039 -22.5622 -10.8658 0.608836
8.805 -24.3392 -24.7363 -24.3392 -16.8519 0.876507
8.905 -24.898 -26.7351 -24.898 -11.2798 0.565367
9.005 -20.1642 -20.6883 -20.1642 4.78438 0.299614
9.105 -20.6783 -22.0714 -20.6782 3.18308 0.197445
9.205 -21.5051 -23.5355 -21.5051 -0.547157 0.0741795
9.305 -22.5262 -25.4373 -22.5262 -1.29461 0.114885
9.405 -23.5281 -26.6795 -23.5281 5.66674 0.30819
9.505 -25.3161 -26.2207 -25.3161 12.9111 0.64213
9.605 -25.8591 -27.4129 -25.8591 6.53124 0.318232
9.705 -23.9315 -25.1038 -23.9315 -6.88937 0.36222
9.805 -24.8674 -27.0826 -24.8674 -7.18793 0.362974
9.905 -25.8106 -28.8756 -25.8106 -4.23472 0.217807
10.005 -26.6947 -30.6794 -26.6947 -4.04553 0.211526
10.105 -26.942 -30.0202 -26.942 5.04285 0.243493
10.205 -27.3568 -30.6275 -27.3568 -3.86261 0.192518
10.305 -28.1402 -31.6334 -28.1402 -8.02181 0.359586
10.405 -28.2944 -31.6374 -28.2944 4.35856 0.206497
10.505 -28.9486 -32.5761 -28.9486 6.49206 0.288204
10.605 -29.5912 -33.885 -29.5912 1.37654 0.116477
10.705 -30.3128 -35.1676 -30.3128 5.91595 0.26129
10.805 -30.8356 -35.3559 -30.8356 -3.95958 0.186887
10.905 -31.5625 -35.6476 -31.5625 -7.59634 0.307943
11.005 -31.3562 -34.8187 -31.3562 5.98004 0.247204
11.105 -31.9759 -35.5934 -31.9759 4.7885 0.200691
11.205 -31.8193 -34.9711 -31.8193 -7.15153 0.286165
11.305 -32.5353 -36.3963 -32.5353 -4.55752 0.191228
11.405 -32.8863 -36.9478 -32.8862 2.74855 0.134522
11.505 -33.5581 -38.2077 -33.5581 -3.41425 0.157733
11.605 -34.2263 -39.3648 -34.2263 2.66672 0.141535
11.705 -34.9381 -40.3136 -34.9381 3.60824 0.165244
11.805 -35.5729 -41.3735 -35.5729 -2.08801 0.134198
11.905 -36.2468 -42.472 -36.2468 4.87577 0.201606
12.005 -36.9713 -43.1494 -36.9713 4.0474 0.176308
12.105 -37.2568 -42.6797 -37.2568 -7.26546 0.258327
12.205 -37.6261 -43.2261 -37.6261 2.43362 0.130708
12.305 -37.971 -43.4691 -37.971 0.324483 0.102262
12.405 -38.1999 -43.3089 -38.1999 -7.98746 0.272208
12.505 -38.4441 -43.7276 -38.4441 1.68504 0.110575
12.605 -38.9404 -44.6557 -38.9403 -2.54746 0.130205
12.705 -39.3484 -45.1302 -39.3484 4.97688 0.185233
12.805 -39.7637 -45.7084 -39.7637 0.533851 0.10616
12.905 -40.1615 -46.4105 -40.1615 1.92439 0.1235
13.005 -40.5336 -47.0559 -40.5336 -2.56996 0.13621
13.105 -40.8549 -47.0582 -40.8549 -2.21461 0.125181
13.205 -40.9369 -46.4573 -40.9369 7.72578 0.24929
13.305 -40.7192 -45.6078 -40.7192 -8.08428 0.257991
13.405 -40.5858 -45.31 -40.5857 5.65161 0.189913
13.505 -40.8622 -45.6927 -40.8622 3.61772 0.137229
13.605 -40.9057 -45.757 -40.9057 -4.15053 0.150247
13.705 -41.3781 -46.7598 -41.3781 -0.0168558 0.0918372
13.805 -41.8476 -47.7869 -41.8476 -2.4289 0.12235
13.905 -42.2586 -48.5646 -42.2586 1.46492 0.112895
14.005 -42.6229 -49.0631 -42.6229 -3.07287 0.137501
14.105 -42.9607 -48.789 -42.9607 -8.10712 0.249469
14.205 -42.6201 -47.556 -42.6201 9.27617 0.279758
14.305 -42.3087 -47.009 -42.3087 -3.90853 0.138391
14.405 -42.2799 -46.8422 -42.2799 -0.973596 0.0818134
14.505 -42.0138 -45.947 -42.0138 11.2619 0.338368
14.605 -41.3827 -45.1852 -41.3827 -4.39057 0.146859
14.705 -41.5988 -45.708 -41.5988 1.10047 0.0776628
14.805 -41.8729 -46.2587 -41.8729 3.46623 0.1264
14.905 -41.8399 -46.0005 -41.8399 -8.08995 0.249116
15.005 -41.7519 -45.977 -41.7519 5.32628 0.173199
15.105 -41.8647 -46.0692 -41.8646 4.21784 0.143526
15.205 -41.5352 -45.6043 -41.5352 -6.00292 0.191771
15.305 -41.7426 -46.0861 -41.7426 4.34 0.148087
15.405 -42.0504 -46.7021 -42.0504 -4.46437 0.152479
15.505 -42.3063 -47.1997 -42.3063 0.908117 0.0861889
15.605 -42.4546 -47.3698 -42.4546 1.43409 0.0920217
15.705 -42.6179 -47.651 -42.6179 -1.81215 0.0986604
15.805 -42.7939 -47.9834 -42.7939 2.14983 0.105696
15.905 -42.8431 -47.6908 -42.8431 -7.65281 0.233896
16.005 -42.5609 -47.0101 -42.5609 8.20288 0.249047
16.105 -42.5318 -47.0959 -42.5318 -1.96522 0.0952213
16.205 -42.6143 -47.136 -42.6143 -4.33836 0.146443
16.305 -42.5127 -47.0321 -42.5126 5.23411 0.169545
16.405 -42.6598 -47.3382 -42.6598 -5.37984 0.173727
16.505 -42.9605 -47.981 -42.9605 1.99083 0.100541
16.605 -43.3571 -48.789 -43.3571 -2.25481 0.109137
16.705 -43.7478 -49.62 -43.7478 0.852469 0.0976169
16.805 -44.0936 -50.0989 -44.0936 4.14321 0.149586
16.905 -44.3668 -50.611 -44.3668 -1.43833 0.106657
17.005 -44.636 -50.9827 -44.636 -2.90061 0.127587
17.105 -44.8052 -50.9169 -44.8052 5.78438 0.184624
17.205 -44.8943 -50.9341 -44.8943 -3.90488 0.142453
17.305 -45.097 -50.9691 -45.097 -5.16671 0.167629
17.405 -45.0644 -50.7701 -45.0644 3.43832 0.129405
17.505 -45.3579 -51.3422 -45.3579 3.06809 0.12455
17.605 -45.5533 -51.6592 -45.5533 -3.54759 0.134144
17.705 -45.7544 -52.0276 -45.7544 3.49431 0.134265
17.805 -45.9073 -52.2106 -45.9073 -4.54923 0.154896
17.905 -46.0329 -52.3936 -46.0329 1.24215 0.102767
18.005 -46.0849 -51.8623 -46.0849 6.25864 0.188555
18.105 -45.8563 -51.3015 -45.8562 -5.46132 0.168728
18.205 -46.0167 -51.6676 -46.0167 1.84678 0.0999031
18.305 -46.2706 -52.1981 -46.2706 0.0913724 0.0905758
18.405 -46.5194 -52.746 -46.5194 1.28468 0.100282
18.505 -46.7376 -53.1454 -46.7376 -2.34649 0.114426
18.605 -46.9492 -53.5953 -46.9491 0.0659815 0.0996458
18.705 -47.126 -53.9118 -47.126 2.02163 0.113954
18.805 -47.2968 -54.2881 -47.2968 -1.3281 0.109307
18.905 -47.4463 -54.616 -47.4463 -0.0702118 0.10605
19.005 -47.5858 -54.9232 -47.5858 -0.198038 0.108211
19.105 -47.7104 -55.1976 -47.7104 1.05939 0.113171
19.205 -47.8212 -55.4417 -47.8212 -0.982761 0.114279
19.305 -47.9266 -55.6378 -47.9266 -1.33629 0.117517
19.405 -48.0128 -55.559 -48.0128 3.79799 0.146035
19.505 -48.0548 -55.5 -48.0548 -1.20108 0.112749
19.605 -48.0767 -55.219 -48.0767 -3.27152 0.133181
19.705 -47.9842 -54.7279 -47.9842 4.9312 0.15968
19.805 -47.8893 -54.3078 -47.8893 -5.84124 0.17652
19.905 -47.7981 -53.9913 -47.7981 5.10283 0.159527
20.005 -47.7895 -53.9339 -47.7895 -2.64093 0.113285
20.105 -47.8979 -54.1036 -47.8979 -1.37844 0.0980806
20.205 -47.9072 -54.0891 -47.9072 3.10263 0.120824
20.305 -47.8905 -53.9813 -47.8905 -5.49882 0.166916
20.405 -47.8646 -53.928 -47.8646 3.37135 0.124374
20.505 -47.9232 -54.0288 -47.9232 -1.22747 0.0953824
20.605 -48.0003 -54.1908 -48.0003 1.4163 0.0980329
20.705 -48.068 -54.3348 -48.068 -0.79558 0.0942921
20.805 -48.1257 -54.4281 -48.1257 0.249853 0.0927037
20.905 -48.1163 -54.3262 -48.1163 4.33622 0.143125
21.005 -48.0404 -54.0878 -48.0404 -4.98527 0.155224
21.105 -48.0951 -54.2176 -48.095 1.74925 0.100427
21.205 -48.2026 -54.4297 -48.2026 -1.20055 0.0962419
21.305 -48.3205 -54.6783 -48.3204 0.416817 0.0935042
21.405 -48.4384 -54.9283 -48.4384 0.521657 0.0954462
21.505 -48.5562 -55.1877 -48.5562 -1.06442 0.0999361
21.605 -48.663 -55.4213 -48.663 1.89262 0.108739
21.705 -48.7615 -55.6376 -48.7615 -0.832503 0.101435
21.805 -48.8504 -55.8333 -48.8504 0.597875 0.101673
21.905 -48.93 -56.0033 -48.93 1.90262 0.112149
22.005 -48.9872 -56.0523 -48.9872 -3.24085 0.129549
22.105 -49.0229 -56.0815 -49.0228 2.21459 0.115261
22.205 -49.0529 -56.1015 -49.0529 -2.90512 0.124191
22.305 -49.0612 -56.0687 -49.0612 1.22672 0.105017
22.405 -49.0881 -56.0853 -49.0881 -0.31603 0.100611
22.505 -49.1343 -56.149 -49.1343 -0.0817369 0.100474
22.605 -49.1936 -56.2796 -49.1936 1.01895 0.104407
22.705 -49.2481 -56.3996 -49.2481 0.765428 0.103838
22.805 -49.2957 -56.4961 -49.2957 -2.10413 0.115072
22.905 -49.3258 -56.5146 -49.3258 2.87201 0.12459
23.005 -49.3501 -56.5163 -49.3501 -2.0299 0.113724
23.105 -49.3677 -56.5149 -49.3677 1.57004 0.108924
23.205 -49.3721 -56.4665 -49.3721 -2.66121 0.120539
23.305 -49.3511 -56.3653 -49.3511 2.9234 0.123367
23.405 -49.308 -56.1739 -49.308 -3.45906 0.130181
23.505 -49.2388 -55.9338 -49.2388 1.52129 0.103039
23.605 -49.1664 -55.7166 -49.1664 -2.04611 0.106907
23.705 -49.0749 -55.4556 -49.0749 -0.0550497 0.0918677
23.805 -48.9374 -55.0398 -48.9374 3.32407 0.121324
23.905 -48.7218 -54.6013 -48.7217 -3.74057 0.12724
24.005 -48.5569 -54.273 -48.5569 5.90517 0.171143
24.105 -48.4132 -54.0607 -48.4132 -4.34081 0.137802
24.205 -48.4002 -54.0856 -48.4002 4.15237 0.134354
24.305 -48.3903 -54.1155 -48.3903 -4.18319 0.13532
24.405 -48.4173 -54.2053 -48.4173 1.88034 0.09723
24.505 -48.5127 -54.4132 -48.5127 -0.0413305 0.0861614
24.605 -48.615 -54.6375 -48.615 -0.956247 0.0909459
24.705 -48.75 -54.9349 -48.75 0.186463 0.0898423
24.805 -48.873 -55.2057 -48.873 1.01834 0.0950401
24.905 -48.9799 -55.4262 -48.9799 -2.14456 0.107259
25.005 -49.0627 -55.5752 -49.0626 2.64008 0.114487
25.105 -49.1538 -55.772 -49.1538 -0.948295 0.0978653
25.205 -49.2282 -55.9358 -49.2282 2.32672 0.112079
25.305 -49.2304 -55.8428 -49.2304 -4.50209 0.146522
25.405 -49.1328 -55.4981 -49.1328 5.56402 0.166098
25.505 -48.9675 -55.1457 -48.9675 -3.728 0.129092
25.605 -48.8383 -54.753 -48.8383 -0.471409 0.0866166
25.705 -48.7025 -54.4248 -48.7025 2.02386 0.0977339
25.805 -48.5545 -54.1491 -48.5545 -4.73313 0.145092
25.905 -48.4023 -53.9015 -48.4023 5.40126 0.159221
26.005 -48.3223 -53.7995 -48.3223 -4.60923 0.142298
26.105 -48.2792 -53.7921 -48.2791 2.88711 0.109464
26.205 -48.2547 -53.7532 -48.2547 0.601483 0.0823527
26.305 -48.1668 -53.6281 -48.1668 -3.34489 0.117396
26.405 -48.1214 -53.6067 -48.1214 3.33216 0.117491
26.505 -48.155 -53.7266 -48.155 -3.92243 0.129488
26.605 -48.2133 -53.8899 -48.2133 3.16277 0.116045
26.705 -48.3051 -54.102 -48.3051 -3.17109 0.117163
26.805 -48.3811 -54.2742 -48.3811 3.4105 0.122159
26.905 -48.4296 -54.3717 -48.4296 -4.03204 0.134072
27.005 -48.4118 -54.2887 -48.4118 5.20116 0.157394
27.105 -48.3165 -54.0964 -48.3165 -4.80086 0.148559
27.205 -48.2404 -53.9582 -48.2404 3.48313 0.122171
27.305 -48.1917 -53.8497 -48.1917 -0.0492467 0.0832859
27.405 -48.1538 -53.7848 -48.1537 -1.86724 0.0956659
27.505 -48.1364 -53.7861 -48.1364 3.54555 0.122959
27.605 -48.197 -53.949 -48.1969 -2.94487 0.113069
27.705 -48.355 -54.2971 -48.355 0.829221 0.0895157
27.805 -48.5032 -54.6234 -48.5032 -1.47751 0.0967403
27.905 -48.6333 -54.8818 -48.6333 1.70749 0.100471
28.005 -48.7629 -55.1673 -48.7629 -1.55881 0.100652
28.105 -48.8706 -55.3989 -48.8706 1.77758 0.104225
28.205 -48.9684 -55.6144 -48.9684 -0.9746 0.0987487
28.305 -49.0578 -55.8113 -49.0578 0.0810914 0.097042
28.405 -49.1383 -55.9884 -49.1383 0.839441 0.100383
28.505 -49.2101 -56.1467 -49.2101 -0.51612 0.100061
28.605 -49.2721 -56.2832 -49.2721 -0.131575 0.100191
28.705 -49.3284 -56.4073 -49.3284 -0.102332 0.100983
28.805 -49.3789 -56.5184 -49.3789 -0.0350733 0.101682
28.905 -49.4237 -56.6171 -49.4237 -0.348904 0.102683
29.005 -49.4635 -56.7048 -49.4635 0.311538 0.103178
29.105 -49.4988 -56.7826 -49.4988 -1.25657 0.107915
29.205 -49.5257 -56.8267 -49.5257 0.632182 0.104736
29.305 -49.5511 -56.8555 -49.5511 0.213866 0.103707
29.405 -49.5775 -56.9138 -49.5775 -0.157757 0.104023
29.505 -49.6013 -56.9662 -49.6013 0.888959 0.106544
29.605 -49.623 -57.0138 -49.623 -0.663724 0.105855
29.705 -49.6423 -57.0564 -49.6423 0.256939 0.10506
29.805 -49.6594 -57.0942 -49.6594 0.645914 0.106299
29.905 -49.6747 -57.1277 -49.6747 -0.738121 0.106869
30.005 -49.6882 -57.1574 -49.6882 0.343548 0.105857
30.105 -49.7001 -57.1838 -49.7001 0.150077 0.105756
30.205 -49.7104 -57.2065 -49.7104 -1.04672 0.108889
30.305 -49.7194 -57.2263 -49.7194 1.58239 0.112807
30.405 -49.7272 -57.2434 -49.7272 -1.25028 0.11039
30.505 -49.7342 -57.2588 -49.7342 1.03753 0.109159
30.605 -49.7408 -57.2733 -49.7408 -0.868324 0.108364
30.705 -49.7467 -57.2864 -49.7467 0.649867 0.107529
30.805 -49.752 -57.298 -49.752 -0.699865 0.107789
30.905 -49.7567 -57.3083 -49.7567 0.584785 0.107445
31.005 -49.7609 -57.3175 -49.7608 -0.506672 0.107266
31.105 -49.7645 -57.3256 -49.7645 0.454322 0.107177
31.205 -49.7678 -57.3328 -49.7678 -0.392386 0.107077
31.305 -49.7707 -57.3392 -49.7707 0.319974 0.106974
31.405 -49.7733 -57.3449 -49.7733 -0.250502 0.1069
31.505 -49.7755 -57.3499 -49.7755 0.180946 0.106848
31.605 -49.7776 -57.3543 -49.7775 -0.119494 0.106825
31.705 -49.7793 -57.3582 -49.7793 0.0542807 0.106819
31.805 -49.7809 -57.3617 -49.7809 0.010077 0.106833
31.905 -49.7823 -57.3648 -49.7823 -0.0705784 0.106866
32.005 -49.7836 -57.3675 -49.7836 -0.0629136 0.106881
32.105 -49.7847 -57.3699 -49.7847 0.0165311 0.106886
32.205 -49.7856 -57.3721 -49.7856 0.025925 0.106901
32.305 -49.7865 -57.374 -49.7865 -0.0669771 0.106924
32.405 -49.7873 -57.3757 -49.7873 0.113106 0.106958
